99999
99995
99982
99981
99979
99976
99971
99963
99952
99939
99913
99901
99897
99886
99883
99881
99870
99852
99835
99826
99823
99821
99811
99804
99799
99787
99783
99759
99756
99753
99749
99738
99730
99683
99679
99676
99675
99654
99652
99650
99640
99630
99627
99586
99576
99574
99563
99560
99552
99549
99545
99517
99511
99491
99489
99473
99470
99462
99453
99452
99440
99423
99399
99393
99380
99365
99361
99342
99335
99334
99332
99327
99291
99285
99275
99259
99251
99250
99208
99205
99198
99191
99187
99173
99154
99146
99143
99141
99139
99125
99122
99114
99108
99107
99101
99059
98998
98995
98980
98977
98962
98949
98938
98923
98882
98870
98853
98844
98839
98786
98776
98767
98763
98761
98760
98750
98739
98729
98728
98721
98718
98698
98666
98663
98658
98651
98646
98634
98632
98624
98616
98608
98598
98588
98584
98576
98575
98545
98536
98530
98520
98513
98511
98510
98496
98486
98476
98465
98455
98446
98422
98416
98403
98402
98395
98384
98379
98376
98372
98371
98347
98346
98341
98333
98320
98319
98315
98308
98300
98292
98287
98281
98278
98276
98274
98262
98258
98254
98248
98230
98229
98222
98220
98216
98205
98194
98185
98183
98167
98155
98145
98135
98115
98102
98093
98083
98076
98075
98069
98059
98055
98051
98047
98046
97997
97974
97955
97934
97931
97913
97910
97900
97897
97892
97871
97859
97856
97835
97832
97831
97828
97818
97798
97783
97772
97771
97728
97693
97689
97684
97683
97677
97661
97652
97639
97637
97632
97624
97617
97611
97610
97600
97572
97560
97559
97555
97554
97546
97531
97502
97498
97473
97467
97462
97450
97449
97443
97429
97428
97427
97410
97392
97373
97364
97363
97350
97348
97327
97321
97294
97279
97275
97256
97216
97177
97170
97165
97159
97156
97150
97123
97107
97096
97068
97061
97030
96969
96968
96937
96916
96904
96891
96888
96873
96861
96843
96842
96840
96834
96826
96821
96802
96795
96792
96790
96769
96753
96748
96737
96722
96717
96702
96701
96698
96685
96680
96676
96671
96665
96651
96649
96638
96599
96587
96584
96582
96575
96574
96560
96558
96557
96551
96531
96530
96528
96524
96506
96494
96461
96460
96453
96445
96444
96433
96420
96395
96390
96380
96378
96366
96358
96356
96347
96332
96319
96312
96297
96290
96286
96283
96254
96242
96228
96224
96220
96216
96193
96192
96179
96166
96163
96161
96152
96151
96132
96122
96116
96093
96092
96084
96080
96068
96051
96044
96036
96032
96021
96019
96014
95992
95989
95969
95968
95961
95957
95950
95949
95942
95936
95932
95922
95892
95891
95868
95860
95851
95842
95840
95830
95814
95807
95799
95798
95790
95789
95785
95782
95777
95776
95762
95753
95749
95744
95732
95720
95714
95711
95710
95705
95689
95684
95673
95655
95645
95642
95633
95631
95628
95577
95526
95479
95477
95460
95440
95434
95423
95419
95402
95399
95395
95388
95386
95382
95381
95379
95377
95358
95345
95336
95335
95314
95313
95305
95283
95263
95262
95251
95238
95232
95227
95209
95180
95161
95140
95124
95117
95112
95097
95083
95082
95076
95073
95065
95063
95044
95043
95042
95030
95007
94986
94984
94976
94953
94940
94937
94935
94914
94899
94896
94894
94889
94886
94881
94877
94868
94860
94859
94857
94836
94824
94819
94798
94797
94783
94766
94761
94733
94727
94726
94703
94702
94690
94684
94678
94677
94673
94671
94663
94657
94627
94626
94624
94622
94587
94558
94547
94541
94533
94532
94503
94491
94487
94479
94474
94462
94458
94441
94430
94428
94426
94425
94420
94414
94409
94401
94389
94373
94331
94310
94302
94298
94279
94277
94264
94260
94259
94258
94253
94248
94243
94242
94236
94226
94224
94223
94218
94215
94207
94148
94139
94103
94097
94096
94089
94082
94075
94065
94057
94045
94039
94038
94035
94029
94028
93992
93956
93952
93946
93941
93934
93933
93917
93914
93900
93881
93877
93866
93864
93854
93850
93849
93830
93827
93824
93813
93809
93795
93788
93777
93748
93744
93741
93736
93733
93720
93694
93684
93680
93677
93675
93669
93657
93633
93631
93630
93614
93599
93595
93591
93567
93524
93522
93517
93508
93507
93503
93493
93477
93449
93431
93427
93406
93404
93400
93391
93378
93355
93345
93341
93332
93322
93319
93310
93304
93303
93297
93295
93288
93280
93276
93275
93272
93266
93243
93222
93197
93186
93158
93139
93133
93128
93119
93111
93088
93081
93054
93048
93045
93044
93031
93030
93010
93008
93001
93000
92997
92993
92987
92985
92979
92974
92964
92907
92903
92894
92877
92874
92859
92855
92844
92835
92784
92780
92778
92776
92774
92765
92759
92737
92725
92711
92686
92673
92656
92652
92648
92644
92640
92633
92625
92617
92609
92605
92602
92590
92587
92580
92575
92570
92546
92544
92533
92528
92508
92499
92482
92437
92435
92420
92411
92404
92395
92394
92393
92380
92365
92356
92354
92340
92335
92331
92311
92309
92301
92295
92294
92281
92277
92275
92268
92260
92258
92232
92231
92227
92226
92222
92205
92188
92165
92151
92144
92138
92113
92091
92089
92086
92051
92046
92034
92031
92018
92008
91997
91995
91990
91974
91972
91962
91949
91942
91939
91933
91911
91910
91909
91896
91895
91883
91852
91849
91823
91822
91811
91801
91795
91792
91790
91774
91772
91761
91758
91756
91748
91737
91733
91724
91720
91716
91711
91703
91691
91673
91661
91653
91649
91646
91637
91628
91620
91619
91598
91596
91593
91578
91561
91543
91530
91525
91521
91519
91502
91498
91489
91488
91487
91473
91463
91457
91455
91453
91451
91448
91444
91435
91429
91426
91418
91412
91396
91384
91379
91372
91368
91349
91342
91316
91315
91304
91277
91264
91255
91249
91241
91236
91220
91215
91202
91190
91189
91185
91169
91165
91142
91137
91129
91125
91124
91119
91117
91092
91053
91038
91023
91021
91017
91015
91008
90989
90978
90977
90976
90963
90957
90939
90936
90932
90921
90900
90897
90895
90870
90859
90858
90857
90852
90843
90836
90833
90828
90825
90814
90806
90787
90786
90754
90743
90742
90715
90704
90697
90684
90672
90659
90653
90644
90642
90608
90607
90606
90596
90591
90581
90578
90567
90564
90550
90545
90543
90530
90501
90499
90496
90492
90486
90482
90480
90474
90462
90452
90445
90430
90426
90418
90413
90388
90380
90348
90304
90298
90296
90295
90278
90269
90265
90239
90236
90222
90206
90191
90186
90180
90172
90168
90164
90154
90113
90105
90103
90099
90096
90094
90087
90079
90054
90037
90036
90032
90026
90021
90019
89993
89989
89968
89960
89959
89944
89934
89903
89874
89871
89865
89826
89825
89810
89787
89779
89778
89731
89723
89721
89708
89704
89703
89695
89682
89677
89661
89660
89656
89652
89636
89635
89621
89618
89613
89612
89584
89563
89554
89530
89525
89514
89460
89451
89447
89434
89428
89419
89378
89373
89371
89359
89348
89302
89299
89273
89265
89250
89244
89237
89229
89210
89202
89126
89122
89115
89114
89111
89110
89108
89086
89065
89039
89032
89025
89006
88995
88980
88944
88930
88924
88914
88897
88892
88885
88877
88861
88860
88848
88840
88818
88816
88804
88782
88779
88769
88767
88764
88740
88735
88724
88721
88705
88685
88668
88665
88661
88650
88643
88642
88635
88627
88618
88606
88584
88581
88578
88571
88556
88535
88534
88531
88523
88459
88453
88445
88440
88425
88422
88404
88403
88402
88401
88395
88393
88383
88382
88358
88302
88285
88267
88234
88225
88220
88183
88172
88171
88168
88162
88155
88142
88136
88111
88091
88078
88055
88054
88048
88034
88033
88028
88021
88019
88016
88013
87999
87996
87990
87985
87981
87976
87966
87961
87945
87924
87905
87893
87890
87880
87878
87870
87869
87867
87859
87842
87837
87834
87825
87823
87813
87804
87802
87786
87776
87774
87750
87742
87732
87714
87710
87701
87670
87663
87660
87652
87646
87624
87621
87619
87607
87604
87600
87599
87596
87584
87583
87577
87559
87553
87526
87520
87518
87506
87486
87472
87468
87463
87455
87453
87449
87422
87418
87405
87401
87387
87385
87375
87368
87361
87349
87335
87332
87324
87322
87319
87318
87316
87310
87294
87290
87268
87267
87251
87232
87206
87196
87193
87163
87144
87125
87122
87117
87110
87095
87087
87080
87060
87059
87057
87054
87048
87042
87013
87011
87005
87001
86983
86976
86973
86969
86950
86947
86924
86922
86921
86920
86903
86895
86870
86868
86854
86832
86828
86824
86815
86807
86803
86801
86792
86786
86769
86762
86747
86741
86736
86734
86733
86713
86697
86684
86675
86666
86659
86658
86656
86624
86614
86601
86598
86583
86577
86573
86563
86554
86548
86546
86532
86521
86515
86503
86501
86497
86471
86463
86458
86456
86449
86447
86439
86438
86435
86430
86423
86374
86373
86348
86338
86335
86321
86320
86307
86305
86289
86278
86264
86263
86251
86250
86241
86229
86209
86198
86193
86188
86185
86184
86179
86176
86169
86164
86162
86158
86154
86143
86141
86138
86130
86125
86105
86095
86094
86071
86067
86046
86043
86036
86006
86005
85999
85992
85989
85987
85985
85971
85960
85944
85937
85931
85927
85908
85901
85888
85873
85848
85833
85820
85801
85785
85768
85758
85751
85743
85742
85739
85735
85715
85705
85701
85694
85644
85638
85626
85609
85585
85583
85580
85578
85571
85566
85542
85517
85515
85505
85498
85480
85472
85470
85447
85445
85439
85435
85416
85402
85397
85391
85390
85389
85383
85374
85367
85356
85354
85346
85335
85332
85322
85306
85296
85289
85276
85269
85268
85264
85263
85262
85260
85257
85253
85236
85227
85222
85218
85217
85210
85206
85196
85178
85172
85150
85136
85131
85123
85120
85104
85095
85094
85086
85085
85074
85073
85072
85066
85060
85049
85045
85043
85042
85021
85017
85014
85012
85011
85005
84998
84989
84986
84953
84931
84922
84911
84905
84892
84883
84875
84868
84865
84856
84851
84803
84801
84789
84780
84772
84747
84745
84741
84738
84689
84686
84674
84672
84663
84648
84633
84603
84601
84594
84592
84589
84576
84573
84567
84553
84551
84533
84523
84516
84511
84496
84493
84491
84485
84472
84452
84431
84429
84423
84407
84400
84376
84342
84330
84317
84309
84306
84303
84265
84263
84251
84246
84241
84228
84226
84160
84146
84144
84143
84136
84125
84086
84072
84071
84026
84007
84005
83995
83993
83976
83972
83960
83954
83941
83937
83922
83919
83907
83906
83891
83886
83850
83845
83844
83840
83810
83809
83805
83796
83793
83770
83757
83752
83748
83735
83733
83722
83695
83679
83656
83655
83646
83633
83624
83605
83593
83590
83573
83572
83557
83545
83519
83517
83516
83512
83499
83490
83483
83481
83477
83475
83472
83447
83446
83432
83428
83423
83406
83389
83386
83384
83383
83375
83371
83356
83335
83321
83286
83276
83275
83246
83235
83232
83219
83205
83195
83192
83174
83171
83159
83154
83149
83148
83145
83139
83117
83109
83099
83097
83077
83060
83058
83046
83041
83040
83023
83022
83008
83007
82987
82985
82976
82975
82969
82955
82953
82950
82926
82924
82911
82900
82885
82868
82857
82840
82827
82812
82808
82807
82806
82804
82794
82793
82773
82767
82764
82762
82693
82668
82664
82653
82641
82637
82636
82634
82602
82592
82586
82584
82576
82573
82548
82511
82497
82481
82478
82464
82454
82438
82436
82433
82425
82422
82398
82374
82373
82372
82368
82349
82348
82343
82333
82329
82322
82308
82307
82301
82295
82269
82259
82254
82239
82227
82222
82215
82204
82200
82191
82190
82179
82167
82163
82146
82142
82122
82106
82098
82084
82037
82033
82025
82022
82007
81998
81989
81986
81960
81943
81932
81916
81909
81908
81900
81866
81864
81858
81842
81818
81817
81783
81776
81739
81728
81724
81723
81719
81705
81703
81698
81686
81681
81647
81627
81621
81607
81600
81595
81578
81571
81568
81565
81559
81556
81550
81504
81487
81483
81479
81474
81473
81471
81467
81463
81443
81434
81432
81420
81400
81395
81393
81392
81384
81356
81335
81331
81318
81316
81309
81306
81303
81297
81296
81293
81289
81276
81262
81243
81238
81237
81225
81216
81212
81211
81209
81208
81198
81193
81191
81174
81166
81163
81155
81148
81126
81117
81110
81109
81103
81102
81072
81045
81034
81033
81003
80989
80986
80975
80972
80968
80952
80903
80898
80891
80889
80887
80885
80873
80859
80857
80852
80838
80828
80821
80817
80812
80811
80802
80800
80791
80788
80782
80778
80768
80739
80738
80737
80683
80682
80674
80665
80660
80648
80644
80640
80636
80634
80633
80625
80623
80605
80600
80582
80557
80555
80520
80518
80513
80512
80510
80505
80500
80499
80490
80483
80477
80472
80458
80457
80451
80443
80438
80430
80423
80409
80408
80391
80376
80370
80363
80314
80310
80263
80254
80245
80233
80209
80202
80195
80184
80179
80166
80155
80154
80153
80149
80136
80133
80131
80121
80119
80099
80089
80088
80086
80077
80038
80018
80015
80014
80010
79995
79980
79973
79970
79959
79946
79942
79939
79931
79915
79910
79902
79886
79884
79881
79876
79856
79847
79845
79819
79800
79795
79793
79791
79779
79770
79758
79739
79734
79733
79714
79709
79703
79702
79697
79692
79686
79678
79671
79662
79658
79656
79649
79644
79641
79622
79593
79580
79569
79564
79563
79551
79550
79544
79527
79526
79504
79501
79500
79493
79489
79479
79466
79458
79452
79449
79444
79443
79439
79432
79425
79424
79409
79395
79394
79387
79386
79371
79360
79358
79338
79331
79310
79308
79294
79283
79274
79241
79240
79237
79219
79216
79192
79175
79169
79167
79123
79117
79115
79113
79103
79084
79082
79077
79067
79057
79056
79044
79037
79025
79017
79005
79004
78996
78992
78972
78964
78959
78940
78910
78906
78901
78882
78878
78863
78858
78854
78835
78825
78806
78797
78793
78776
78739
78731
78711
78704
78703
78696
78688
78683
78665
78648
78633
78630
78629
78619
78614
78598
78597
78593
78590
78570
78560
78545
78526
78495
78493
78489
78484
78479
78475
78469
78458
78457
78408
78406
78403
78398
78389
78388
78381
78353
78345
78343
78341
78338
78331
78325
78309
78295
78291
78282
78279
78278
78277
78275
78274
78261
78257
78251
78242
78241
78231
78223
78221
78203
78194
78171
78153
78146
78134
78118
78113
78074
78069
78060
78055
78026
78018
78003
77991
77989
77985
77984
77981
77976
77947
77946
77929
77904
77892
77883
77879
77849
77844
77843
77835
77834
77827
77812
77801
77798
77794
77793
77792
77791
77774
77765
77750
77747
77745
77741
77740
77734
77725
77710
77705
77703
77702
77670
77667
77664
77660
77641
77633
77627
77623
77620
77605
77602
77598
77579
77569
77568
77564
77559
77553
77525
77503
77487
77485
77462
77461
77453
77446
77440
77429
77424
77422
77413
77406
77382
77379
77330
77321
77320
77304
77302
77296
77295
77294
77283
77282
77280
77277
77271
77260
77254
77247
77222
77220
77211
77208
77207
77190
77188
77187
77181
77180
77171
77167
77162
77145
77141
77125
77123
77093
77081
77080
77077
77051
77039
77035
76997
76976
76975
76970
76938
76930
76911
76903
76898
76888
76881
76878
76877
76876
76861
76860
76850
76837
76833
76831
76830
76806
76780
76764
76761
76752
76730
76718
76717
76702
76699
76698
76695
76681
76674
76657
76650
76642
76640
76634
76626
76615
76604
76600
76595
76576
76574
76570
76561
76547
76541
76528
76524
76520
76507
76505
76494
76480
76461
76457
76447
76445
76434
76427
76418
76417
76382
76352
76325
76305
76303
76302
76292
76283
76268
76267
76266
76261
76259
76252
76244
76234
76220
76218
76200
76176
76164
76156
76134
76132
76111
76104
76100
76093
76087
76080
76056
76055
76054
76040
76032
76030
76018
76012
76007
75996
75989
75975
75972
75970
75958
75940
75939
75930
75916
75913
75904
75882
75880
75870
75858
75857
75855
75836
75830
75815
75812
75805
75774
75771
75756
75737
75725
75720
75713
75708
75704
75683
75667
75665
75660
75634
75612
75605
75603
75595
75558
75548
75546
75522
75517
75514
75508
75492
75490
75488
75484
75466
75451
75447
75418
75397
75390
75374
75342
75325
75297
75289
75270
75264
75253
75245
75234
75220
75205
75200
75185
75175
75137
75136
75125
75117
75108
75091
75080
75052
75043
75025
75020
75007
74995
74994
74973
74966
74964
74952
74935
74932
74920
74906
74884
74868
74852
74820
74781
74780
74777
74776
74773
74771
74764
74752
74746
74745
74715
74712
74704
74675
74646
74645
74638
74590
74583
74569
74553
74550
74548
74536
74514
74509
74489
74479
74470
74461
74449
74437
74435
74423
74377
74370
74356
74354
74347
74345
74342
74340
74333
74307
74284
74264
74242
74218
74195
74191
74189
74185
74170
74149
74143
74138
74136
74119
74107
74106
74103
74094
74090
74083
74082
74079
74065
74048
74045
74044
74042
74039
74033
74030
74029
74027
74026
74012
74008
73969
73957
73954
73944
73939
73933
73932
73918
73892
73888
73880
73868
73858
73855
73850
73838
73825
73814
73784
73782
73781
73758
73750
73746
73743
73729
73719
73714
73712
73704
73685
73676
73670
73646
73633
73629
73628
73621
73620
73609
73608
73603
73587
73558
73542
73536
73527
73522
73510
73496
73479
73476
73475
73474
73467
73460
73445
73427
73393
73390
73385
73366
73363
73358
73350
73340
73337
73330
73316
73295
73287
73276
73258
73249
73235
73223
73222
73220
73216
73207
73201
73194
73177
73151
73139
73136
73120
73118
73117
73102
73094
73092
73065
73058
73052
73049
73046
73023
72992
72983
72968
72962
72955
72946
72942
72922
72916
72911
72906
72897
72874
72868
72867
72851
72849
72822
72805
72801
72798
72796
72762
72731
72710
72708
72693
72692
72674
72673
72662
72643
72637
72632
72626
72623
72618
72615
72613
72609
72601
72595
72593
72591
72589
72576
72575
72545
72519
72493
72475
72466
72429
72426
72415
72402
72401
72400
72398
72393
72364
72350
72341
72319
72304
72269
72262
72255
72239
72223
72213
72209
72187
72172
72170
72138
72134
72129
72119
72111
72096
72065
72057
72051
72044
72023
72019
72009
72008
71995
71991
71970
71968
71945
71933
71932
71919
71918
71914
71886
71865
71856
71854
71825
71818
71817
71801
71789
71788
71787
71786
71775
71767
71763
71757
71738
71732
71731
71724
71723
71721
71719
71715
71710
71707
71703
71693
71669
71659
71651
71650
71641
71639
71626
71621
71615
71614
71611
71595
71586
71572
71566
71558
71556
71546
71524
71517
71495
71479
71478
71469
71465
71463
71460
71450
71439
71437
71435
71434
71416
71397
71388
71385
71373
71363
71362
71332
71325
71320
71306
71292
71246
71243
71235
71234
71223
71205
71201
71198
71185
71169
71167
71162
71138
71130
71120
71115
71113
71105
71098
71085
71071
71064
71062
71045
71033
71031
71024
71018
71015
71005
70996
70982
70976
70971
70950
70942
70941
70938
70921
70910
70887
70873
70868
70841
70840
70832
70828
70824
70816
70812
70811
70810
70788
70747
70688
70677
70666
70664
70660
70624
70619
70594
70577
70567
70560
70555
70541
70530
70527
70526
70517
70514
70511
70506
70500
70499
70497
70492
70488
70482
70475
70455
70449
70439
70410
70403
70400
70391
70380
70376
70364
70343
70336
70329
70325
70320
70315
70298
70290
70280
70279
70270
70263
70258
70254
70248
70242
70231
70226
70222
70211
70202
70198
70196
70192
70190
70141
70132
70131
70121
70120
70106
70103
70100
70097
70063
70035
70021
70020
69996
69964
69959
69953
69937
69926
69913
69908
69902
69883
69866
69863
69857
69852
69834
69832
69830
69828
69823
69821
69798
69797
69783
69731
69713
69706
69701
69683
69680
69671
69647
69642
69630
69615
69612
69598
69583
69524
69523
69513
69510
69508
69505
69485
69470
69465
69455
69429
69427
69423
69416
69411
69405
69394
69389
69376
69371
69360
69354
69349
69329
69321
69305
69296
69251
69238
69231
69220
69217
69210
69209
69198
69197
69193
69177
69169
69167
69165
69148
69129
69127
69122
69120
69101
69084
69081
69078
69073
69057
69042
69031
69014
69011
69008
69007
69003
69002
68999
68990
68986
68950
68934
68926
68925
68922
68914
68912
68894
68889
68875
68871
68865
68843
68830
68818
68755
68748
68739
68738
68732
68724
68720
68698
68697
68694
68640
68616
68594
68581
68574
68565
68556
68546
68512
68510
68508
68496
68486
68460
68435
68431
68420
68400
68394
68380
68341
68339
68333
68332
68331
68330
68297
68296
68294
68276
68273
68267
68262
68249
68245
68244
68242
68228
68219
68218
68214
68213
68208
68191
68186
68181
68177
68158
68141
68135
68132
68116
68115
68101
68095
68091
68087
68057
68015
68009
68003
67995
67968
67967
67965
67946
67944
67941
67919
67913
67891
67890
67884
67879
67874
67871
67836
67821
67810
67801
67788
67772
67764
67749
67748
67746
67728
67712
67711
67708
67705
67702
67682
67679
67674
67662
67657
67656
67648
67629
67621
67600
67596
67590
67589
67581
67574
67571
67570
67564
67563
67554
67533
67527
67523
67522
67488
67479
67460
67449
67439
67429
67420
67388
67366
67348
67317
67306
67303
67301
67297
67295
67292
67289
67288
67287
67279
67274
67270
67265
67253
67246
67242
67208
67192
67148
67137
67136
67132
67120
67119
67118
67108
67105
67102
67072
67063
67034
67008
67005
67004
67002
66984
66979
66972
66964
66961
66955
66952
66948
66947
66928
66910
66887
66866
66864
66859
66845
66831
66811
66805
66802
66800
66794
66777
66748
66747
66719
66709
66702
66687
66669
66662
66647
66631
66607
66586
66576
66560
66556
66541
66518
66503
66493
66481
66471
66452
66442
66439
66426
66377
66367
66357
66349
66335
66315
66307
66293
66273
66266
66265
66264
66243
66241
66238
66217
66205
66184
66173
66161
66137
66125
66119
66115
66110
66107
66106
66095
66084
66079
66070
66067
66052
66045
66044
66027
66015
66003
66001
65996
65957
65956
65942
65941
65915
65904
65902
65898
65895
65878
65876
65874
65843
65794
65776
65771
65767
65759
65749
65714
65700
65675
65667
65644
65619
65612
65597
65596
65569
65554
65536
65527
65525
65524
65520
65499
65487
65475
65467
65461
65446
65440
65435
65429
65407
65404
65390
65364
65343
65341
65340
65337
65328
65325
65322
65313
65309
65284
65283
65219
65202
65195
65192
65190
65181
65176
65173
65162
65159
65158
65155
65152
65149
65143
65127
65110
65104
65082
65075
65074
65067
65059
65047
65044
65034
65029
65008
65004
64991
64987
64986
64972
64960
64959
64941
64936
64931
64920
64889
64867
64818
64784
64775
64766
64740
64735
64702
64695
64692
64686
64674
64660
64639
64623
64618
64608
64598
64590
64588
64585
64575
64554
64550
64545
64539
64535
64529
64517
64506
64494
64491
64482
64480
64476
64473
64452
64443
64441
64438
64388
64385
64382
64369
64364
64356
64335
64321
64289
64279
64273
64267
64266
64258
64246
64233
64232
64230
64227
64225
64224
64216
64204
64164
64161
64153
64151
64147
64146
64145
64143
64118
64116
64110
64105
64103
64093
64083
64066
64064
64055
64052
64050
64047
64045
64044
64021
64004
63994
63963
63962
63941
63907
63890
63879
63859
63844
63838
63835
63826
63807
63790
63752
63749
63742
63731
63713
63698
63689
63663
63660
63643
63626
63589
63584
63581
63578
63577
63571
63567
63560
63553
63550
63547
63530
63512
63511
63503
63474
63468
63467
63466
63462
63453
63439
63436
63435
63429
63419
63406
63390
63381
63358
63341
63335
63330
63314
63311
63300
63295
63280
63274
63273
63257
63249
63244
63223
63222
63216
63215
63212
63207
63199
63185
63168
63166
63159
63149
63148
63143
63085
63082
63080
63034
63030
63011
63008
62995
62994
62958
62950
62944
62943
62938
62934
62930
62915
62905
62903
62891
62890
62889
62877
62863
62857
62849
62839
62806
62798
62774
62767
62760
62759
62758
62739
62719
62712
62703
62702
62687
62683
62681
62680
62668
62666
62646
62638
62630
62629
62625
62597
62581
62579
62577
62576
62563
62562
62561
62560
62559
62553
62548
62525
62524
62509
62504
62482
62476
62470
62468
62459
62458
62450
62429
62418
62417
62416
62391
62386
62385
62373
62372
62361
62327
62314
62290
62285
62277
62246
62242
62232
62222
62218
62216
62162
62161
62130
62128
62125
62111
62102
62099
62090
62076
62062
62058
62052
62044
62035
62028
62026
61991
61967
61966
61948
61929
61924
61912
61900
61896
61895
61867
61862
61861
61849
61848
61829
61812
61803
61802
61784
61744
61739
61737
61719
61718
61688
61675
61668
61667
61665
61660
61656
61653
61643
61636
61633
61614
61609
61602
61589
61579
61576
61574
61573
61551
61543
61539
61534
61533
61532
61529
61512
61495
61486
61473
61470
61463
61445
61444
61410
61393
61387
61365
61359
61345
61339
61326
61323
61310
61306
61305
61297
61286
61285
61277
61274
61262
61254
61247
61238
61217
61214
61213
61197
61189
61182
61175
61162
61146
61145
61134
61131
61130
61128
61127
61114
61092
61083
61078
61064
61060
61040
61010
61009
61008
60997
60989
60979
60969
60967
60960
60956
60954
60945
60942
60939
60930
60919
60898
60894
60888
60876
60871
60859
60839
60838
60832
60830
60817
60811
60810
60809
60808
60801
60797
60781
60743
60742
60732
60702
60700
60686
60685
60680
60670
60657
60652
60651
60641
60629
60625
60622
60620
60591
60578
60576
60532
60525
60517
60505
60465
60441
60440
60419
60418
60382
60361
60347
60321
60315
60313
60287
60274
60272
60270
60267
60254
60246
60231
60228
60226
60219
60215
60211
60209
60203
60151
60136
60135
60126
60119
60108
60106
60104
60054
60042
60039
60036
60022
60005
59998
59993
59981
59968
59952
59933
59928
59923
59916
59914
59909
59906
59890
59883
59873
59863
59855
59850
59823
59821
59815
59795
59783
59777
59774
59762
59734
59731
59730
59715
59713
59687
59685
59671
59656
59649
59636
59634
59624
59622
59611
59608
59598
59596
59588
59587
59579
59576
59537
59522
59518
59515
59506
59493
59467
59454
59453
59447
59404
59401
59395
59389
59385
59374
59373
59370
59368
59364
59358
59346
59333
59332
59323
59317
59309
59305
59280
59269
59267
59265
59262
59259
59255
59245
59243
59239
59233
59212
59206
59200
59194
59191
59170
59167
59159
59135
59122
59112
59108
59071
59040
59037
59034
59033
59030
59026
59009
58990
58979
58973
58972
58963
58956
58936
58929
58923
58912
58895
58893
58885
58881
58867
58866
58855
58851
58847
58839
58831
58823
58817
58811
58806
58805
58791
58761
58746
58745
58739
58735
58732
58724
58716
58656
58649
58633
58632
58617
58606
58581
58577
58558
58538
58526
58512
58510
58501
58487
58486
58480
58463
58456
58446
58406
58403
58396
58390
58384
58373
58365
58359
58348
58346
58319
58310
58308
58302
58296
58287
58284
58259
58247
58241
58219
58215
58209
58203
58184
58163
58154
58143
58132
58100
58097
58075
58065
58052
58044
58043
58039
58037
58021
58018
58016
57994
57955
57954
57933
57886
57878
57871
57865
57864
57804
57800
57799
57798
57796
57790
57788
57786
57784
57766
57760
57731
57721
57707
57693
57679
57677
57675
57667
57664
57663
57653
57652
57633
57626
57625
57612
57607
57592
57589
57576
57571
57555
57552
57545
57538
57524
57512
57502
57486
57485
57479
57472
57448
57445
57438
57436
57416
57413
57403
57398
57380
57373
57365
57358
57340
57339
57335
57317
57298
57289
57275
57264
57242
57240
57238
57237
57236
57227
57226
57223
57215
57188
57178
57176
57151
57143
57141
57139
57133
57127
57101
57094
57078
57075
57073
57071
57066
57064
57055
57047
57023
57018
57000
56998
56988
56982
56971
56966
56965
56956
56953
56948
56944
56943
56938
56928
56925
56897
56879
56874
56860
56840
56826
56800
56798
56783
56769
56751
56722
56712
56701
56700
56691
56679
56669
56663
56659
56656
56653
56650
56629
56615
56610
56604
56592
56589
56585
56577
56565
56554
56547
56535
56534
56524
56514
56502
56499
56470
56468
56436
56428
56421
56419
56415
56407
56395
56382
56371
56358
56344
56337
56303
56290
56284
56275
56266
56251
56244
56236
56220
56179
56160
56126
56116
56113
56108
56106
56103
56100
56099
56081
56054
56053
56038
56037
56024
56020
56007
55992
55949
55940
55936
55899
55898
55889
55885
55883
55882
55879
55866
55864
55863
55817
55813
55810
55792
55791
55777
55772
55749
55747
55741
55732
55730
55721
55714
55713
55712
55706
55677
55676
55675
55668
55662
55634
55614
55601
55597
55563
55560
55553
55551
55550
55548
55542
55541
55527
55510
55502
55489
55480
55477
55460
55458
55457
55450
55445
55425
55418
55414
55413
55388
55385
55382
55380
55373
55367
55363
55338
55337
55310
55284
55279
55272
55235
55203
55202
55188
55187
55182
55177
55175
55172
55161
55150
55146
55138
55134
55127
55122
55113
55088
55074
55057
55050
55045
55035
55029
55021
55012
55006
54998
54991
54983
54981
54977
54974
54972
54963
54948
54946
54941
54927
54913
54897
54895
54894
54893
54887
54885
54869
54865
54842
54831
54800
54793
54792
54754
54746
54737
54715
54706
54700
54696
54684
54678
54651
54650
54647
54639
54636
54609
54601
54582
54550
54548
54532
54516
54485
54483
54475
54468
54457
54453
54449
54438
54432
54424
54423
54409
54374
54373
54354
54329
54313
54309
54289
54283
54259
54223
54218
54210
54209
54197
54179
54166
54165
54152
54137
54106
54086
54081
54080
54070
54064
54049
54029
54026
54021
54016
53998
53997
53995
53948
53944
53932
53908
53900
53896
53866
53865
53817
53811
53799
53779
53776
53774
53762
53759
53758
53757
53750
53741
53733
53719
53686
53672
53667
53651
53637
53634
53626
53623
53618
53615
53607
53602
53574
53554
53541
53532
53514
53505
53504
53499
53494
53488
53471
53467
53466
53456
53448
53447
53428
53426
53410
53398
53396
53388
53385
53376
53369
53344
53336
53326
53325
53318
53303
53299
53292
53285
53282
53279
53270
53266
53264
53262
53257
53256
53245
53218
53214
53210
53207
53205
53203
53199
53188
53161
53117
53111
53095
53090
53081
53070
53064
53055
53044
53042
53018
53005
52986
52974
52973
52966
52959
52938
52924
52901
52880
52879
52873
52863
52849
52848
52845
52843
52839
52825
52801
52785
52777
52773
52752
52727
52716
52715
52712
52702
52686
52685
52669
52662
52655
52651
52625
52612
52611
52603
52591
52580
52560
52547
52541
52534
52526
52520
52517
52511
52482
52479
52474
52471
52451
52443
52432
52427
52423
52397
52385
52371
52370
52359
52330
52327
52325
52312
52310
52290
52270
52230
52229
52190
52186
52169
52144
52127
52126
52125
52108
52103
52093
52084
52083
52081
52080
52076
52074
52062
52043
52042
52012
52004
51978
51972
51956
51948
51931
51927
51926
51923
51922
51913
51897
51889
51883
51873
51870
51864
51858
51853
51847
51843
51833
51805
51794
51791
51769
51766
51765
51762
51761
51759
51757
51751
51737
51734
51730
51685
51684
51652
51648
51645
51643
51625
51622
51608
51604
51596
51594
51592
51583
51566
51546
51539
51514
51501
51488
51463
51456
51441
51414
51406
51404
51389
51387
51382
51376
51372
51364
51357
51348
51347
51343
51341
51331
51325
51322
51315
51313
51311
51305
51283
51278
51269
51247
51220
51212
51201
51183
51163
51158
51125
51103
51099
51091
51087
51085
51081
51079
51076
51074
51064
51059
51042
51031
51016
51015
51009
51003
50996
50975
50959
50946
50943
50935
50933
50927
50919
50913
50907
50904
50885
50881
50876
50873
50867
50866
50857
50850
50812
50811
50810
50797
50784
50783
50778
50776
50774
50755
50725
50719
50629
50615
50599
50596
50592
50587
50578
50570
50569
50563
50529
50521
50518
50510
50497
50458
50453
50450
50440
50436
50432
50428
50424
50422
50417
50412
50410
50401
50390
50384
50376
50375
50371
50357
50355
50351
50350
50340
50325
50324
50305
50291
50286
50247
50221
50216
50202
50198
50196
50185
50175
50157
50132
50131
50127
50091
50079
50070
50069
50033
50032
50008
50000
49997
49969
49963
49947
49932
49926
49921
49918
49900
49891
49885
49883
49879
49878
49874
49872
49859
49855
49849
49847
49845
49843
49838
49811
49805
49804
49797
49793
49783
49768
49760
49757
49754
49752
49739
49733
49723
49716
49715
49708
49706
49705
49697
49685
49683
49675
49666
49651
49640
49610
49600
49597
49594
49585
49579
49567
49565
49559
49543
49541
49523
49511
49492
49482
49474
49472
49464
49445
49437
49429
49427
49400
49377
49367
49348
49290
49266
49256
49248
49244
49240
49238
49209
49207
49206
49197
49180
49175
49171
49154
49152
49139
49129
49094
49065
49041
49032
49026
49020
49015
49012
48998
48986
48961
48956
48946
48945
48939
48938
48925
48889
48883
48875
48873
48872
48871
48865
48864
48841
48813
48805
48786
48780
48779
48778
48773
48769
48751
48745
48720
48713
48709
48700
48635
48633
48629
48620
48618
48613
48608
48598
48590
48586
48568
48565
48562
48556
48539
48536
48530
48522
48502
48471
48463
48455
48451
48443
48438
48435
48423
48420
48412
48407
48405
48400
48391
48390
48384
48356
48340
48335
48326
48321
48307
48287
48282
48278
48240
48222
48194
48192
48190
48188
48184
48169
48162
48153
48133
48127
48116
48088
48034
48030
48021
48004
48000
47998
47993
47982
47980
47978
47977
47965
47952
47951
47931
47918
47914
47881
47870
47865
47859
47847
47840
47836
47817
47815
47807
47791
47785
47741
47736
47726
47724
47707
47682
47678
47662
47657
47656
47628
47606
47588
47584
47583
47565
47520
47519
47515
47508
47494
47488
47484
47480
47473
47470
47469
47468
47463
47436
47423
47416
47403
47401
47392
47386
47384
47368
47367
47349
47315
47314
47293
47282
47281
47274
47271
47249
47244
47232
47214
47150
47142
47140
47137
47136
47133
47131
47097
47082
47075
47059
47058
47046
47010
47007
47005
46994
46988
46987
46986
46984
46975
46873
46866
46849
46842
46834
46820
46815
46785
46772
46761
46743
46741
46732
46705
46701
46698
46691
46690
46689
46688
46678
46674
46668
46659
46658
46643
46636
46623
46617
46601
46599
46590
46588
46584
46583
46579
46578
46570
46565
46536
46527
46526
46522
46514
46508
46504
46503
46499
46473
46463
46454
46447
46440
46439
46420
46414
46409
46399
46385
46344
46313
46293
46288
46276
46275
46269
46263
46262
46244
46224
46217
46189
46170
46168
46136
46132
46126
46121
46102
46098
46097
46094
46089
46076
46068
46062
46056
46051
46045
46043
46039
46027
46017
45980
45961
45951
45949
45946
45942
45936
45913
45907
45887
45885
45881
45876
45873
45872
45846
45837
45835
45821
45819
45810
45788
45780
45768
45759
45757
45748
45746
45743
45742
45741
45733
45721
45713
45690
45680
45669
45659
45649
45648
45627
45618
45607
45606
45586
45559
45556
45551
45547
45543
45523
45508
45497
45478
45461
45460
45434
45425
45423
45412
45409
45391
45387
45386
45385
45375
45353
45349
45347
45340
45327
45301
45290
45286
45281
45269
45265
45264
45260
45240
45236
45224
45219
45213
45203
45199
45159
45126
45118
45110
45099
45096
45092
45090
45084
45078
45062
45054
45051
45044
45039
45037
45029
45028
45023
44998
44986
44960
44952
44935
44934
44929
44926
44925
44922
44904
44897
44891
44889
44887
44876
44873
44862
44860
44847
44834
44833
44832
44831
44810
44806
44791
44783
44768
44761
44752
44741
44738
44735
44733
44722
44688
44658
44657
44656
44646
44641
44600
44599
44581
44576
44554
44540
44524
44519
44509
44508
44502
44493
44479
44477
44471
44462
44449
44440
44437
44432
44424
44422
44417
44401
44395
44384
44383
44373
44361
44360
44338
44317
44307
44276
44270
44268
44232
44223
44217
44185
44178
44172
44165
44163
44153
44143
44139
44135
44124
44108
44106
44105
44100
44086
44068
44063
44060
44038
44030
44020
44016
44010
43976
43968
43941
43938
43933
43931
43930
43927
43919
43907
43903
43898
43890
43883
43843
43837
43821
43799
43795
43787
43783
43756
43743
43726
43718
43715
43708
43699
43694
43688
43678
43672
43662
43653
43646
43640
43633
43631
43619
43606
43604
43603
43594
43588
43569
43567
43550
43540
43537
43525
43517
43510
43494
43493
43491
43480
43475
43469
43468
43458
43456
43448
43437
43428
43417
43407
43402
43399
43394
43392
43389
43385
43376
43373
43370
43356
43349
43328
43317
43316
43306
43267
43246
43236
43210
43189
43184
43167
43140
43127
43119
43102
43098
43085
43082
43078
43062
43046
43012
43003
42992
42984
42968
42961
42952
42939
42925
42923
42902
42899
42892
42887
42882
42875
42865
42861
42859
42831
42808
42779
42770
42765
42760
42759
42753
42750
42749
42730
42726
42714
42694
42692
42688
42687
42682
42666
42661
42650
42648
42646
42643
42636
42634
42628
42620
42618
42605
42581
42580
42572
42559
42554
42553
42549
42546
42536
42523
42507
42488
42469
42466
42455
42431
42427
42423
42416
42401
42371
42359
42354
42349
42347
42342
42306
42299
42295
42291
42257
42248
42243
42242
42217
42216
42202
42201
42195
42191
42181
42180
42178
42162
42136
42132
42119
42112
42094
42089
42088
42050
42022
42013
42008
42005
42001
41997
41970
41961
41957
41951
41947
41940
41930
41928
41909
41905
41904
41898
41862
41855
41853
41850
41838
41836
41816
41802
41796
41787
41785
41784
41772
41764
41748
41746
41738
41721
41717
41707
41692
41647
41629
41614
41610
41609
41593
41587
41570
41556
41549
41548
41539
41536
41535
41533
41531
41530
41528
41520
41505
41461
41446
41442
41427
41413
41376
41375
41366
41361
41346
41345
41335
41333
41323
41322
41316
41305
41298
41256
41239
41219
41207
41197
41194
41190
41188
41179
41175
41163
41145
41137
41117
41114
41110
41095
41064
41045
41042
41038
41025
41024
41010
40998
40996
40989
40982
40981
40980
40969
40962
40956
40946
40944
40923
40906
40904
40876
40874
40862
40861
40856
40855
40845
40844
40841
40829
40778
40770
40756
40748
40746
40733
40730
40721
40714
40711
40710
40709
40707
40695
40692
40689
40688
40681
40679
40678
40663
40654
40651
40647
40639
40634
40615
40608
40607
40604
40603
40602
40589
40587
40581
40580
40569
40559
40557
40552
40510
40506
40477
40457
40453
40448
40425
40415
40412
40411
40394
40389
40386
40381
40375
40358
40353
40347
40330
40308
40305
40287
40286
40273
40239
40230
40227
40214
40212
40202
40185
40172
40162
40157
40128
40115
40100
40097
40090
40085
40082
40073
40059
40056
40051
40050
40049
40034
40025
40021
39975
39973
39970
39942
39936
39934
39922
39909
39873
39872
39859
39850
39846
39841
39837
39833
39818
39816
39815
39810
39808
39807
39785
39779
39775
39773
39767
39765
39753
39745
39739
39737
39732
39722
39715
39714
39709
39684
39657
39652
39650
39646
39628
39623
39622
39617
39603
39595
39583
39564
39561
39554
39553
39535
39533
39530
39521
39513
39501
39480
39478
39456
39412
39408
39407
39392
39367
39352
39341
39337
39333
39324
39321
39315
39306
39294
39290
39288
39278
39275
39274
39268
39263
39262
39258
39228
39227
39201
39179
39175
39165
39161
39151
39146
39123
39119
39117
39096
39076
39074
39071
39065
39043
39040
39034
39026
39020
39012
39011
39008
38995
38991
38967
38964
38953
38942
38906
38900
38895
38864
38858
38839
38810
38797
38787
38776
38772
38758
38757
38749
38723
38716
38713
38710
38700
38687
38676
38650
38649
38644
38643
38612
38569
38562
38558
38557
38553
38550
38548
38545
38542
38541
38530
38523
38514
38510
38487
38484
38459
38451
38446
38436
38412
38409
38398
38386
38377
38374
38371
38364
38359
38357
38320
38318
38315
38303
38280
38253
38239
38225
38219
38216
38208
38198
38193
38186
38178
38174
38161
38149
38142
38120
38113
38109
38086
38077
38074
38063
38060
38059
38057
38040
38025
38017
37975
37953
37918
37909
37907
37901
37883
37881
37876
37853
37847
37839
37833
37831
37830
37821
37809
37800
37786
37785
37780
37777
37764
37726
37723
37719
37712
37707
37692
37684
37680
37670
37669
37663
37647
37642
37638
37625
37618
37612
37579
37556
37548
37529
37522
37502
37479
37470
37460
37441
37424
37414
37411
37403
37397
37386
37370
37365
37341
37336
37326
37319
37309
37298
37296
37289
37288
37286
37282
37270
37268
37253
37239
37236
37234
37193
37189
37153
37144
37116
37109
37108
37107
37099
37095
37087
37083
37079
37078
37067
37002
37000
36989
36983
36977
36973
36960
36936
36913
36912
36897
36896
36891
36890
36889
36881
36870
36867
36858
36857
36824
36812
36770
36769
36743
36720
36704
36701
36695
36690
36688
36679
36664
36662
36659
36648
36634
36610
36596
36583
36578
36571
36569
36567
36557
36550
36537
36533
36527
36502
36492
36474
36445
36434
36429
36424
36423
36413
36412
36409
36395
36392
36390
36376
36374
36351
36348
36347
36345
36344
36341
36317
36297
36289
36285
36283
36280
36276
36275
36274
36236
36234
36212
36210
36206
36178
36175
36164
36156
36143
36142
36121
36120
36111
36109
36082
36031
36024
36020
36015
36013
36000
35992
35979
35977
35950
35919
35912
35875
35847
35840
35838
35833
35832
35831
35809
35789
35786
35779
35775
35774
35767
35759
35752
35750
35731
35723
35715
35713
35707
35703
35701
35700
35698
35696
35684
35682
35680
35673
35671
35668
35659
35656
35651
35649
35636
35631
35627
35621
35601
35597
35575
35557
35556
35548
35545
35543
35534
35532
35530
35514
35484
35461
35458
35453
35435
35434
35397
35396
35394
35383
35380
35358
35357
35356
35352
35317
35313
35310
35295
35255
35253
35252
35247
35238
35237
35231
35219
35216
35198
35179
35174
35173
35167
35145
35139
35126
35116
35077
35066
35060
35058
35049
35045
35036
35031
35010
35006
35005
34981
34977
34970
34929
34924
34888
34880
34876
34864
34858
34829
34822
34816
34812
34805
34797
34792
34789
34782
34778
34762
34761
34755
34739
34738
34703
34702
34677
34675
34662
34660
34642
34559
34557
34554
34525
34524
34522
34495
34491
34482
34474
34450
34418
34415
34401
34400
34399
34396
34389
34368
34365
34356
34348
34341
34331
34328
34322
34317
34303
34296
34295
34278
34276
34252
34238
34236
34217
34213
34203
34196
34177
34176
34157
34152
34146
34139
34119
34093
34069
34068
34064
34059
34042
34036
34012
33995
33938
33937
33922
33908
33903
33900
33889
33881
33878
33870
33864
33861
33837
33836
33810
33798
33766
33756
33743
33740
33730
33711
33710
33707
33699
33696
33679
33668
33655
33651
33647
33646
33645
33643
33636
33630
33621
33615
33610
33606
33601
33598
33586
33571
33555
33554
33545
33535
33517
33489
33486
33483
33481
33458
33453
33450
33445
33441
33435
33415
33410
33408
33402
33397
33364
33352
33324
33320
33316
33309
33300
33295
33282
33278
33257
33243
33240
33232
33206
33202
33190
33180
33171
33159
33121
33120
33109
33107
33087
33075
33065
33063
33059
33053
33050
33043
33042
33041
33036
33032
33031
33020
33016
33014
33007
33002
32975
32956
32926
32924
32908
32893
32886
32867
32846
32829
32825
32814
32797
32795
32788
32772
32748
32747
32746
32744
32735
32717
32713
32710
32702
32675
32663
32656
32636
32629
32628
32604
32601
32598
32594
32592
32588
32577
32569
32557
32552
32548
32537
32529
32513
32474
32469
32464
32463
32458
32453
32449
32416
32409
32404
32403
32369
32355
32353
32349
32332
32320
32316
32303
32287
32286
32283
32281
32278
32276
32266
32259
32258
32255
32250
32242
32236
32233
32230
32187
32177
32172
32156
32144
32143
32139
32136
32134
32129
32126
32124
32094
32080
32074
32066
32049
32047
32046
32045
32044
32037
32032
32006
32004
31999
31994
31984
31968
31961
31956
31946
31912
31902
31899
31896
31865
31847
31842
31830
31827
31823
31822
31799
31789
31779
31768
31766
31765
31755
31746
31738
31732
31724
31713
31683
31660
31645
31643
31615
31614
31611
31583
31577
31566
31565
31532
31526
31512
31507
31481
31479
31473
31466
31461
31453
31441
31440
31437
31435
31430
31416
31390
31381
31372
31371
31347
31343
31341
31338
31337
31319
31317
31302
31294
31286
31285
31272
31268
31259
31257
31249
31242
31239
31232
31216
31212
31209
31199
31193
31188
31183
31178
31176
31170
31168
31149
31147
31134
31110
31109
31098
31087
31086
31082
31071
31068
31059
31055
31043
31028
31019
31012
31008
30992
30983
30973
30948
30941
30938
30937
30930
30924
30922
30919
30909
30903
30886
30878
30855
30849
30842
30841
30823
30818
30804
30794
30789
30775
30757
30755
30748
30731
30717
30712
30706
30699
30687
30674
30656
30647
30642
30624
30623
30610
30607
30606
30591
30568
30553
30547
30546
30542
30539
30538
30517
30512
30500
30497
30472
30447
30432
30427
30423
30414
30410
30398
30393
30384
30383
30371
30356
30351
30347
30313
30311
30279
30272
30268
30262
30216
30214
30204
30203
30196
30194
30186
30164
30151
30145
30136
30133
30130
30122
30119
30110
30091
30085
30077
30068
30051
30040
30020
30010
30003
29981
29973
29970
29954
29944
29943
29909
29901
29895
29893
29890
29881
29879
29873
29863
29847
29845
29833
29828
29826
29823
29807
29805
29803
29767
29763
29758
29747
29735
29727
29725
29713
29697
29696
29690
29687
29675
29671
29669
29623
29621
29609
29607
29600
29582
29566
29553
29552
29551
29549
29529
29516
29514
29513
29488
29487
29470
29459
29449
29439
29436
29421
29409
29390
29382
29374
29363
29361
29356
29353
29323
29318
29313
29301
29299
29251
29247
29239
29221
29219
29212
29206
29181
29160
29153
29144
29143
29142
29109
29104
29102
29066
29064
29062
29058
29056
29053
29046
29041
29027
29007
28943
28929
28923
28890
28869
28868
28865
28864
28863
28826
28819
28812
28811
28810
28801
28791
28769
28758
28752
28749
28748
28744
28741
28739
28730
28716
28711
28710
28707
28700
28683
28682
28678
28676
28672
28668
28654
28638
28633
28616
28615
28611
28604
28599
28589
28569
28567
28560
28541
28540
28535
28526
28514
28513
28511
28509
28504
28500
28481
28475
28474
28470
28455
28434
28407
28388
28384
28370
28367
28362
28337
28327
28324
28304
28303
28301
28293
28280
28274
28236
28225
28216
28215
28207
28205
28199
28197
28196
28179
28169
28161
28150
28149
28145
28141
28135
28130
28128
28126
28117
28115
28086
28075
28067
28060
28056
28053
28048
28041
28010
28003
27999
27994
27989
27962
27957
27938
27926
27908
27904
27899
27891
27875
27873
27871
27863
27855
27854
27839
27829
27826
27819
27806
27801
27799
27797
27795
27778
27774
27763
27755
27745
27741
27733
27686
27679
27660
27652
27629
27625
27623
27612
27601
27584
27580
27578
27570
27550
27544
27543
27536
27529
27524
27515
27509
27508
27498
27495
27485
27456
27452
27449
27430
27427
27423
27412
27397
27396
27387
27384
27369
27360
27316
27312
27305
27301
27288
27282
27245
27240
27234
27232
27214
27198
27185
27181
27177
27161
27160
27152
27149
27134
27123
27108
27103
27089
27077
27076
27059
27056
27032
27009
27008
27005
27004
27002
26999
26996
26988
26985
26984
26980
26954
26943
26927
26919
26885
26879
26873
26863
26857
26856
26843
26840
26837
26835
26822
26816
26805
26802
26776
26775
26746
26738
26725
26723
26709
26708
26701
26691
26690
26689
26684
26675
26667
26656
26638
26633
26622
26619
26602
26599
26597
26593
26590
26584
26583
26549
26526
26514
26510
26503
26497
26487
26482
26480
26478
26476
26467
26462
26458
26447
26444
26436
26433
26417
26416
26413
26409
26398
26390
26384
26375
26355
26329
26275
26252
26249
26240
26236
26232
26228
26213
26212
26208
26204
26191
26185
26180
26169
26162
26158
26129
26124
26119
26112
26092
26082
26076
26074
26073
26064
26063
26046
26043
26040
26037
26026
26007
25996
25992
25985
25976
25971
25960
25947
25940
25938
25936
25915
25912
25886
25859
25848
25847
25837
25834
25831
25824
25822
25817
25804
25798
25795
25783
25779
25772
25767
25765
25756
25753
25747
25736
25735
25733
25723
25707
25703
25702
25690
25675
25674
25629
25624
25622
25618
25617
25611
25604
25594
25587
25585
25563
25559
25545
25538
25535
25526
25524
25506
25478
25475
25468
25433
25422
25417
25410
25407
25397
25375
25374
25358
25342
25335
25290
25283
25260
25248
25241
25239
25230
25215
25194
25193
25192
25188
25173
25163
25138
25133
25113
25112
25110
25109
25098
25097
25092
25090
25089
25068
25058
25015
25011
25008
25007
25001
24993
24988
24986
24969
24963
24941
24938
24920
24918
24911
24909
24895
24866
24854
24847
24843
24841
24830
24829
24822
24816
24791
24784
24780
24778
24763
24727
24724
24719
24716
24709
24705
24691
24684
24680
24675
24671
24669
24661
24659
24657
24652
24640
24635
24630
24623
24617
24614
24613
24594
24592
24582
24579
24571
24562
24552
24537
24531
24526
24523
24519
24514
24513
24509
24499
24478
24462
24457
24456
24450
24446
24444
24437
24423
24420
24417
24416
24413
24403
24383
24376
24369
24331
24315
24309
24296
24294
24273
24261
24260
24249
24248
24242
24216
24213
24212
24208
24207
24206
24168
24149
24138
24137
24128
24114
24107
24104
24103
24099
24086
24064
24054
24048
24047
24033
24030
24006
24002
23992
23977
23964
23951
23899
23893
23892
23891
23858
23856
23855
23852
23847
23844
23839
23823
23821
23789
23770
23765
23763
23751
23748
23737
23733
23721
23708
23691
23680
23664
23657
23653
23628
23618
23608
23594
23575
23572
23570
23568
23567
23563
23550
23531
23507
23501
23483
23466
23458
23449
23445
23443
23440
23439
23431
23420
23418
23413
23395
23377
23355
23351
23334
23317
23294
23283
23278
23275
23262
23261
23258
23242
23231
23226
23209
23205
23202
23183
23180
23152
23151
23149
23141
23138
23111
23109
23079
23075
23074
23051
23040
23029
23013
23011
22996
22992
22978
22977
22973
22968
22951
22939
22937
22927
22921
22917
22903
22881
22871
22849
22835
22829
22822
22805
22801
22785
22763
22759
22757
22729
22727
22721
22710
22700
22671
22651
22647
22642
22576
22554
22550
22544
22540
22538
22530
22497
22489
22487
22478
22472
22455
22449
22448
22436
22434
22422
22421
22403
22400
22391
22357
22354
22331
22324
22302
22290
22287
22279
22248
22238
22236
22216
22213
22198
22192
22185
22184
22167
22163
22161
22155
22148
22140
22135
22118
22117
22109
22104
22093
22089
22085
22058
22053
22042
22028
22024
22012
22008
21990
21970
21966
21956
21952
21933
21914
21908
21883
21877
21874
21865
21863
21836
21825
21817
21813
21810
21803
21795
21794
21770
21769
21762
21754
21751
21747
21738
21728
21719
21718
21698
21689
21686
21682
21671
21669
21641
21635
21630
21626
21613
21604
21583
21576
21573
21532
21529
21528
21516
21511
21501
21500
21482
21460
21455
21439
21430
21428
21421
21415
21407
21394
21386
21374
21367
21352
21343
21337
21309
21304
21298
21292
21286
21283
21279
21278
21259
21258
21256
21247
21240
21232
21205
21192
21189
21186
21175
21168
21153
21137
21122
21120
21112
21110
21099
21095
21092
21086
21066
21063
21055
21053
21052
21046
21023
21018
21017
21013
20995
20979
20974
20961
20957
20946
20937
20931
20929
20925
20894
20886
20885
20871
20868
20831
20813
20799
20760
20759
20742
20739
20732
20727
20711
20708
20700
20695
20690
20689
20648
20645
20643
20622
20608
20575
20552
20551
20545
20544
20538
20514
20513
20497
20496
20490
20485
20482
20440
20421
20417
20416
20408
20380
20370
20369
20364
20347
20322
20306
20300
20292
20282
20266
20249
20237
20227
20223
20213
20197
20192
20186
20182
20169
20166
20158
20155
20153
20148
20140
20135
20131
20122
20104
20096
20070
20065
20047
20037
20029
20019
20010
20009
20008
20006
19990
19987
19976
19968
19965
19961
19957
19941
19935
19934
19926
19908
19899
19887
19865
19862
19850
19820
19816
19806
19804
19794
19791
19790
19777
19707
19696
19692
19684
19667
19644
19629
19628
19611
19605
19604
19573
19559
19555
19551
19543
19534
19529
19509
19480
19467
19453
19434
19433
19404
19387
19376
19353
19345
19333
19307
19290
19288
19240
19235
19234
19229
19218
19195
19165
19161
19124
19120
19109
19095
19090
19088
19082
19059
19036
19024
19018
19007
18999
18980
18950
18949
18945
18943
18932
18918
18895
18891
18876
18871
18863
18861
18857
18849
18846
18835
18830
18829
18825
18821
18819
18816
18809
18805
18801
18797
18792
18787
18763
18757
18740
18739
18707
18679
18672
18669
18666
18654
18648
18640
18635
18630
18627
18583
18572
18541
18536
18533
18530
18499
18482
18478
18471
18469
18457
18430
18424
18411
18408
18404
18397
18383
18381
18351
18344
18343
18332
18304
18296
18284
18236
18209
18182
18181
18174
18172
18141
18138
18135
18132
18131
18111
18109
18108
18104
18088
18083
18080
18075
18073
18070
18067
18047
18041
18038
18034
18028
18025
18019
18006
18005
17977
17972
17969
17967
17966
17961
17959
17957
17947
17938
17932
17931
17929
17895
17859
17842
17830
17809
17801
17776
17762
17743
17727
17724
17685
17675
17667
17660
17652
17648
17630
17605
17600
17585
17583
17565
17560
17557
17553
17551
17539
17538
17537
17536
17528
17515
17509
17486
17484
17483
17476
17470
17469
17466
17465
17457
17442
17414
17403
17394
17393
17380
17377
17347
17323
17320
17312
17305
17290
17266
17265
17261
17252
17240
17231
17223
17222
17206
17193
17192
17163
17145
17140
17117
17112
17111
17109
17104
17089
17079
17076
17075
17073
17071
17054
17041
17040
17007
17002
16989
16984
16982
16978
16976
16972
16964
16936
16932
16915
16904
16901
16896
16891
16889
16882
16876
16875
16873
16869
16833
16830
16826
16824
16815
16810
16799
16773
16771
16770
16763
16743
16741
16729
16728
16725
16724
16707
16699
16693
16691
16685
16684
16682
16666
16660
16654
16637
16628
16618
16594
16577
16575
16562
16559
16552
16547
16537
16534
16520
16514
16513
16487
16477
16470
16461
16442
16436
16432
16419
16417
16387
16374
16357
16349
16339
16325
16301
16285
16280
16259
16244
16235
16228
16220
16198
16186
16184
16182
16177
16173
16169
16159
16143
16130
16123
16113
16085
16081
16076
16045
16036
16028
16025
16023
16022
16019
16018
16008
16000
15991
15972
15968
15960
15944
15940
15929
15928
15903
15902
15896
15893
15870
15865
15856
15852
15850
15836
15823
15819
15818
15815
15813
15810
15806
15776
15770
15765
15763
15759
15745
15724
15714
15711
15708
15705
15686
15678
15662
15654
15653
15645
15605
15584
15581
15579
15569
15562
15544
15543
15534
15516
15505
15502
15500
15493
15492
15487
15481
15479
15468
15463
15448
15394
15391
15389
15371
15362
15357
15352
15349
15346
15338
15333
15328
15317
15308
15294
15280
15270
15255
15243
15241
15224
15218
15217
15209
15200
15187
15186
15169
15168
15163
15151
15150
15141
15133
15112
15111
15101
15099
15079
15067
15051
15043
15031
15023
15022
15011
15008
14985
14970
14954
14927
14917
14914
14907
14904
14894
14893
14891
14889
14888
14884
14882
14863
14858
14852
14851
14848
14841
14829
14826
14818
14809
14793
14789
14785
14775
14771
14747
14738
14737
14730
14720
14710
14686
14652
14646
14643
14641
14640
14637
14628
14627
14613
14606
14600
14577
14576
14567
14534
14527
14523
14506
14505
14492
14484
14482
14479
14478
14477
14463
14462
14453
14442
14439
14434
14428
14408
14397
14394
14390
14384
14361
14342
14328
14327
14315
14314
14313
14306
14270
14264
14262
14258
14257
14256
14236
14227
14225
14208
14200
14140
14116
14092
14080
14069
14068
14048
14043
14033
14029
14020
14008
14005
13990
13978
13961
13954
13948
13935
13913
13910
13902
13890
13886
13865
13845
13837
13835
13817
13812
13798
13772
13767
13761
13747
13736
13734
13733
13731
13720
13716
13675
13663
13658
13653
13620
13568
13550
13538
13528
13517
13503
13502
13490
13478
13473
13471
13463
13460
13452
13444
13439
13423
13421
13409
13407
13397
13396
13375
13372
13364
13360
13355
13348
13341
13337
13334
13322
13313
13309
13283
13272
13271
13266
13263
13252
13247
13246
13242
13240
13236
13222
13214
13190
13189
13187
13186
13181
13177
13172
13154
13153
13142
13129
13114
13102
13094
13084
13082
13081
13074
13069
13063
13062
13054
13043
13011
13006
13005
12986
12983
12927
12922
12910
12903
12894
12886
12880
12879
12865
12851
12846
12844
12836
12828
12816
12810
12801
12787
12779
12756
12753
12749
12740
12738
12730
12723
12722
12717
12701
12699
12674
12672
12670
12668
12646
12636
12625
12605
12576
12563
12551
12542
12537
12535
12530
12507
12504
12501
12497
12487
12478
12462
12433
12428
12419
12409
12400
12397
12394
12386
12375
12368
12362
12357
12356
12352
12351
12340
12338
12335
12334
12306
12301
12273
12268
12248
12240
12236
12231
12223
12221
12219
12214
12205
12203
12196
12172
12162
12158
12157
12154
12151
12138
12089
12069
12031
12002
11987
11967
11966
11960
11938
11923
11903
11898
11886
11875
11873
11841
11832
11825
11809
11807
11794
11770
11766
11754
11744
11735
11733
11730
11728
11712
11702
11697
11692
11688
11681
11673
11672
11652
11642
11641
11612
11597
11596
11594
11587
11572
11557
11553
11547
11545
11544
11543
11537
11529
11516
11510
11509
11501
11488
11479
11473
11454
11440
11430
11413
11401
11399
11394
11381
11367
11353
11350
11340
11339
11331
11316
11312
11310
11298
11280
11279
11266
11254
11253
11233
11222
11215
11214
11185
11171
11167
11165
11162
11155
11148
11142
11136
11129
11124
11116
11111
11110
11102
11092
11089
11088
11070
11060
11034
11033
11027
11005
10985
10972
10971
10967
10962
10948
10940
10938
10919
10915
10913
10902
10898
10895
10886
10880
10864
10860
10853
10852
10831
10830
10827
10825
10821
10808
10807
10792
10791
10788
10785
10782
10778
10771
10761
10757
10755
10735
10717
10716
10711
10710
10685
10673
10671
10668
10666
10662
10656
10649
10648
10645
10631
10624
10615
10604
10598
10594
10583
10575
10569
10566
10558
10553
10530
10526
10510
10502
10485
10482
10473
10472
10459
10442
10439
10438
10432
10426
10422
10418
10408
10400
10397
10393
10382
10374
10373
10344
10340
10332
10330
10327
10318
10300
10285
10277
10270
10265
10256
10253
10234
10222
10211
10195
10160
10156
10152
10146
10142
10136
10131
10120
10100
10099
10086
10063
10030
10021
10003
9998
9995
9990
9982
9975
9973
9961
9953
9936
9909
9892
9887
9884
9876
9862
9859
9853
9844
9818
9814
9805
9796
9782
9778
9773
9761
9759
9751
9743
9741
9731
9721
9720
9716
9715
9711
9703
9694
9690
9685
9681
9674
9660
9658
9652
9647
9619
9615
9609
9604
9602
9598
9575
9561
9559
9556
9549
9539
9522
9518
9500
9496
9492
9488
9463
9453
9443
9432
9419
9409
9390
9387
9374
9363
9349
9345
9320
9289
9286
9264
9244
9230
9197
9196
9185
9184
9177
9152
9132
9124
9120
9119
9094
9090
9082
9076
9062
9050
9035
9025
8992
8987
8982
8980
8968
8950
8918
8910
8895
8883
8882
8868
8822
8813
8807
8805
8797
8790
8789
8781
8776
8759
8752
8746
8745
8734
8733
8723
8705
8697
8692
8674
8652
8639
8632
8619
8610
8596
8578
8574
8568
8566
8556
8529
8523
8517
8490
8481
8476
8449
8446
8437
8415
8388
8383
8378
8360
8359
8353
8351
8349
8343
8331
8328
8326
8325
8305
8291
8289
8288
8278
8259
8257
8255
8237
8236
8210
8202
8187
8178
8175
8162
8161
8152
8151
8131
8121
8106
8082
8066
8060
8055
8049
8029
8028
8000
7971
7967
7947
7938
7935
7934
7914
7910
7901
7898
7881
7869
7853
7850
7841
7838
7814
7797
7790
7783
7762
7754
7704
7698
7693
7685
7667
7652
7638
7636
7597
7581
7555
7541
7529
7528
7511
7492
7491
7488
7486
7484
7476
7474
7469
7465
7458
7457
7439
7437
7427
7418
7402
7382
7366
7363
7359
7355
7336
7335
7318
7312
7308
7305
7303
7299
7282
7251
7250
7247
7240
7205
7202
7191
7190
7180
7174
7155
7127
7121
7115
7108
7087
7086
7078
7062
7055
7038
7035
7028
7019
6991
6979
6974
6969
6946
6941
6936
6931
6920
6912
6889
6875
6845
6830
6826
6821
6818
6814
6810
6801
6792
6780
6771
6770
6726
6720
6707
6699
6681
6671
6654
6647
6617
6595
6589
6568
6527
6524
6495
6451
6449
6448
6431
6427
6418
6402
6399
6395
6362
6354
6341
6340
6320
6312
6293
6285
6256
6248
6239
6231
6221
6210
6203
6197
6195
6187
6185
6181
6177
6176
6171
6155
6144
6119
6110
6102
6099
6093
6060
6040
6031
6028
6000
5988
5984
5973
5955
5950
5945
5924
5917
5913
5902
5900
5892
5887
5857
5854
5851
5840
5831
5820
5814
5804
5792
5784
5749
5748
5741
5727
5726
5717
5715
5709
5682
5678
5676
5671
5668
5663
5660
5649
5642
5637
5636
5631
5615
5600
5598
5595
5584
5578
5574
5554
5546
5538
5535
5510
5501
5491
5472
5461
5455
5444
5442
5435
5428
5416
5373
5363
5345
5344
5304
5303
5281
5280
5276
5266
5261
5252
5232
5227
5224
5222
5207
5195
5163
5155
5151
5150
5143
5132
5127
5117
5080
5074
5073
5065
5062
5048
5030
5029
5019
5003
4999
4994
4970
4955
4954
4945
4938
4921
4903
4843
4837
4826
4820
4811
4809
4805
4794
4781
4779
4769
4767
4760
4736
4734
4730
4716
4707
4706
4703
4699
4686
4685
4681
4680
4677
4675
4673
4668
4664
4656
4655
4630
4604
4602
4598
4589
4567
4558
4554
4549
4539
4531
4523
4522
4520
4505
4500
4498
4492
4471
4427
4416
4412
4408
4384
4370
4358
4326
4323
4301
4288
4269
4258
4245
4211
4208
4201
4192
4190
4188
4179
4170
4162
4144
4138
4130
4109
4107
4106
4093
4082
4081
4068
4042
4029
4023
4022
4015
4014
3972
3966
3938
3923
3916
3903
3887
3880
3878
3874
3872
3846
3838
3793
3789
3785
3773
3760
3757
3743
3735
3720
3717
3709
3700
3698
3686
3683
3672
3668
3667
3653
3629
3600
3577
3572
3560
3555
3553
3551
3546
3543
3535
3527
3522
3512
3506
3496
3494
3449
3442
3422
3406
3367
3366
3360
3341
3335
3327
3306
3305
3304
3276
3274
3257
3249
3240
3228
3197
3174
3152
3148
3127
3125
3109
3087
3068
3056
3029
3027
3022
3013
3011
3008
3006
2995
2991
2963
2960
2950
2942
2921
2908
2895
2883
2880
2879
2872
2862
2861
2836
2835
2827
2823
2813
2810
2807
2803
2794
2778
2761
2756
2753
2725
2716
2713
2711
2704
2690
2669
2664
2659
2648
2643
2639
2638
2631
2628
2607
2603
2600
2597
2593
2589
2574
2570
2565
2564
2555
2541
2525
2519
2514
2503
2487
2480
2459
2451
2442
2441
2439
2433
2428
2412
2405
2402
2393
2392
2370
2367
2354
2353
2350
2347
2336
2332
2320
2301
2290
2288
2284
2269
2265
2249
2232
2214
2212
2208
2197
2181
2170
2169
2161
2147
2122
2113
2110
2094
2091
2086
2069
2066
2042
2039
2019
2000
1986
1966
1961
1960
1903
1886
1875
1868
1863
1862
1847
1838
1835
1830
1812
1810
1802
1779
1772
1766
1751
1744
1733
1725
1720
1707
1689
1677
1675
1653
1650
1639
1632
1618
1606
1597
1595
1554
1521
1512
1506
1495
1491
1490
1479
1478
1475
1461
1459
1455
1444
1443
1441
1434
1399
1393
1387
1382
1379
1357
1352
1349
1345
1339
1308
1306
1301
1299
1294
1290
1283
1266
1215
1195
1177
1130
1113
1112
1111
1091
1084
1074
1061
1058
1047
1044
1038
1018
1015
1014
1007
1005
968
952
949
945
943
942
933
929
928
909
902
891
875
872
871
859
857
847
845
844
834
832
825
813
760
758
742
728
721
713
676
663
643
641
622
620
585
581
576
575
566
555
543
528
525
519
511
490
489
479
469
464
458
452
448
437
399
393
378
377
376
372
365
349
339
327
287
265
248
225
222
220
206
197
175
164
156
151
143
139
132
125
116
111
73
61
49
40
32
7
1
