9
3695
4099
713
4597
3844
9282
7636
3080
2321
4891
2128
1145
4740
7205
7443
4122
7550
5488
6976
4434
4857
7229
1
7544
7685
6020
1440
9219
8974
7796
3279
8487
180
5921
916
4778
6561
9638
9963
5893
7013
2482
621
8530
5449
978
7702
9665
2183
4286
1159
6904
1683
8114
8734
272
4701
9333
7539
3376
12
6934
4496
7068
7011
3418
6497
3134
2481
5747
8643
7812
2253
3650
5174
2909
1286
3604
6045
486
5124
1329
1589
6770
6619
7867
7280
7647
4652
3616
6660
3259
1819
9396
9031
1736
6230
7253
9960
7493
1536
5118
7040
7840
1695
7799
5728
1986
3559
8166
7293
5806
1311
3498
1888
9747
2064
1673
692
9682
4808
260
1869
8293
3170
8323
243
8464
8311
6709
8091
5062
9424
8513
8174
8204
9262
2209
675
5003
1390
1338
9716
5469
2900
7722
3443
6560
4085
1588
6596
3007
5665
8029
8445
7882
1789
1240
2031
7129
1188
8265
7739
4213
3856
3938
6808
8224
1146
2984
6164
4931
714
5523
8665
27
9606
5881
3606
331
6323
7325
7038
5015
8042
304
5388
6109
7316
7100
2753
9838
8321
9260
1292
1127
746
1896
3555
8227
1362
1680
9284
7021
4312
3097
8978
8161
6717
3217
6160
1738
5437
7041
6512
796
3027
403
5974
5732
3485
2551
1450
5735
8884
6874
4607
3302
3840
4343
2180
1902
4888
2432
3503
3693
5075
5207
844
4068
4666
7616
8841
1912
888
5539
3263
3126
6693
1131
9535
2920
6228
381
4943
2124
7025
8034
2041
599
104
1187
8509
2472
1773
9107
2019
1636
3069
4880
1728
2150
3155
7522
2545
8397
7338
3297
5365
3880
5067
9916
263
5572
5587
5326
656
5678
4125
5675
4609
19
2994
5402
8216
9950
2287
4773
3808
6102
4795
7017
6389
5731
9014
622
1066
5673
6481
8905
6272
3106
8894
5986
5889
2139
3188
2672
5839
702
7461
9261
8933
3422
6740
3735
5328
1491
3467
1270
1258
4176
1539
4504
9160
6565
6780
5272
2396
6414
3215
6245
7822
5748
942
5101
2891
8362
5247
9522
8529
5577
8233
4825
6745
378
9069
8521
8149
3196
1023
2686
8763
2585
5850
6846
252
5193
7115
4837
271
6735
2199
750
8601
9629
295
1400
2333
8789
6470
1630
2613
666
8017
1528
3431
7817
2998
1791
3708
301
2116
3312
8123
5179
190
7820
9932
9378
3171
549
5007
399
1346
6092
5468
9567
288
1056
7662
2708
5460
7686
1232
2151
1905
4385
9953
4522
5308
6646
3659
9521
6182
4788
8258
8676
3118
7945
5056
4378
6457
6627
7362
6668
4116
3911
7690
2029
1794
9719
6868
3883
2624
7173
8401
7675
7386
6858
2024
3111
9209
6886
1677
6649
8471
269
2236
2480
2764
5700
1352
172
389
7920
6375
6672
1913
7037
6624
951
2349
9015
194
9548
1596
5181
6257
7111
4310
628
409
3520
9768
7591
2229
3204
5051
9545
7750
3372
199
4178
8334
6167
280
3870
6730
1176
4351
4657
3960
4503
6896
5150
7034
6935
6551
6959
3019
4686
4711
9266
5637
1570
7921
9711
8892
4435
5298
9056
8811
4843
6394
5142
6702
636
5252
3070
5400
5215
6407
1822
9995
2028
9825
6463
277
94
8249
5864
9183
9992
1585
2822
1639
4651
2905
2783
2425
4341
8142
9402
3193
7948
82
4001
9150
8689
6065
7865
3796
7562
861
1533
1276
5672
5216
6366
5742
5814
4668
4832
1594
9480
8638
3077
2429
2949
4415
8106
3921
4302
5204
4253
6967
2355
6328
5824
1600
2788
1952
1903
6242
9574
4945
937
3729
110
8407
6458
7003
832
2459
423
4442
9764
1843
6021
3285
3385
4273
5146
3030
3068
1574
4315
1464
6852
8067
4716
789
9450
4951
4890
1121
9446
6584
9411
1039
9382
8147
9372
8903
6885
4331
8939
3011
3849
5871
1091
5037
9917
3262
7476
8003
3968
4786
3253
2286
8765
3018
7519
2954
3378
4541
7985
7106
7834
7146
3333
7128
4909
3908
9322
432
4571
2640
6190
8544
4934
6181
6352
1003
211
6594
6309
7266
9971
6380
5721
5322
90
5905
6446
4728
8481
74
1813
3933
7027
6430
9761
9121
5346
1729
4520
230
5602
9745
6914
4574
7001
1897
5381
7102
5667
433
2950
1192
2820
4089
5279
4626
9787
2763
3001
2017
3243
1206
554
3305
2557
9513
3159
7655
5352
5040
6774
9959
8379
6435
707
8176
4545
3958
6265
5619
1890
7705
1391
2638
1193
9759
1468
5555
7816
2799
9353
568
1057
2604
920
4494
9832
9180
751
6812
1916
3552
2587
1098
2249
2447
3459
3901
4539
4732
2129
273
9017
4320
4753
3540
5558
3236
4390
354
4994
303
5799
441
6425
9093
9596
7374
196
8268
9553
7933
9951
2512
5618
9788
513
8299
5627
7438
662
8489
3065
8497
4420
479
5924
3977
3914
7608
5414
2167
2383
5821
1310
2938
9763
4106
6244
446
5795
5699
592
3328
9568
4897
6194
4634
2797
9476
8898
9478
2509
3904
5876
5919
3912
4207
6336
2076
851
6268
8557
6814
5396
4531
607
3112
8281
1430
8237
5069
8876
9330
9691
5397
8803
8870
5903
9688
2546
5538
9417
7074
1387
7726
1186
2048
380
2827
8229
6163
4762
7083
3356
8088
2393
5613
1406
6733
5525
2395
4556
2054
7697
3079
5345
2125
2258
1302
2716
5908
2335
3553
6585
3979
954
8037
894
23
6104
137
9928
2991
955
3359
2012
6516
1940
7233
8053
4661
4344
2521
1814
9474
5467
8146
323
8035
1712
696
2503
5438
7533
4653
801
8337
1518
5954
1651
812
5458
5834
2499
8403
991
6040
9186
9086
5367
7064
6468
8170
2422
6536
6183
6741
685
5746
5623
3482
3866
5035
2053
3612
2346
365
8653
7328
131
8507
68
3825
1217
2732
2310
2189
3639
6292
140
2897
1930
5666
6816
6525
1266
3091
8165
8038
6710
5411
2724
1815
2047
1227
2309
3208
2397
4929
5492
4235
3361
6186
3416
7772
5303
3731
4066
7543
