64044
45961
61064
19090
59933
47214
71932
94243
45054
70325
17261
37116
80010
57403
3257
38320
26996
98222
67137
94103
11898
54963
85017
54639
5598
64045
44106
29623
76541
76055
41190
16349
88358
61539
28145
79439
16684
69177
35832
21698
35557
87961
27989
74704
32636
62877
39012
40663
37414
42968
10120
1459
29487
25629
5455
67523
30203
96283
81568
34418
35397
86656
20759
3872
23317
84226
22927
62577
85021
88162
942
40453
26919
29247
96297
62891
53095
80968
1512
20070
55382
20192
73139
13062
8278
23852
64491
40073
17830
20544
47470
82464
43373
58310
59026
39201
31847
63249
40980
44502
96717
1301
46344
10030
45203
97560
98047
84789
62386
52625
55730
3785
6312
21718
44735
18132
39603
96737
92365
25290
97683
69165
50776
63752
91125
39161
58359
4820
57298
43306
21374
94491
78570
87251
36413
63547
30547
42770
78003
79103
55791
68830
38315
902
95777
80408
36936
72992
59395
96151
55035
23443
51978
19965
21286
15516
66928
86198
94678
49026
58302
43349
61128
77294
44508
86335
65904
53672
21682
79025
82307
34341
77446
78194
8000
91939
38991
53279
28683
70514
81900
57071
48864
80739
54842
54793
65499
72401
68380
11215
34977
60839
39815
16244
31239
6197
57653
93297
91852
61948
18825
55550
97974
55146
30020
25015
94414
36395
24413
48635
28041
77985
33610
32924
66238
56615
28810
88581
90567
40944
48321
41997
57790
40085
41838
24138
39934
18740
74437
93850
2589
77981
95631
96638
71234
48946
15865
52848
79044
98155
13283
37692
88403
26249
40989
68698
95440
16417
48133
20148
10397
39392
46785
10710
676
64702
32453
21055
13364
8674
43475
66805
94425
93669
85150
74884
81600
78793
36664
68435
31566
56982
56800
82227
7698
90859
82808
34482
61739
86264
4323
16019
30279
90501
6726
37193
75720
85120
49921
46688
88627
88860
51125
2094
99675
21817
88033
46068
50390
60956
75220
60620
10526
65569
50417
7491
39290
10755
21017
97572
88571
37144
70624
90550
56007
76699
42022
89371
47401
14904
95689
52591
14882
84376
6617
99971
7366
61912
63216
47707
78959
35049
13463
60939
9598
25407
24630
1868
58732
40389
39942
41110
45353
87294
75634
92656
95423
86439
67788
13528
48939
50946
4811
43267
35682
12542
75704
64987
33837
55542
2480
29323
4598
35631
46409
27508
15776
50291
12504
53081
66961
59212
72822
10100
34761
98216
84576
79656
76220
12672
8175
9743
60989
79931
46121
46732
65034
57055
489
33836
8121
33645
74994
54601
18408
99470
48184
54696
36412
86435
24594
73838
61285
20158
24294
98372
79876
73609
71724
34396
20266
16123
94277
6699
79360
61127
49932
12386
59624
85801
56502
11545
51853
23567
93633
5373
77320
11162
77461
4549
60382
34738
82269
18830
21337
37289
52863
45264
68273
60670
55597
63826
62576
56966
2711
18284
20496
70812
78910
88028
81776
111
11089
46189
66293
45627
80778
99901
31902
26708
93310
40308
24895
87206
93881
82641
53615
9345
73476
69084
50432
19095
66845
1720
31583
29893
93054
79500
56024
46098
55634
62277
32259
2862
66095
91190
61040
48335
34295
67674
2086
99939
38548
83993
94065
38716
49754
80986
22576
44172
76604
74090
28741
79703
77487
24248
95782
80738
4675
20695
74771
78630
48034
71710
75234
84998
56589
17193
73939
79856
56126
87110
38357
86456
80625
98051
53005
35514
11537
26927
42248
42892
97498
71130
1779
79338
72493
83976
45078
26413
85012
65075
52471
75737
42416
70222
77946
11712
6770
86741
89114
4170
30706
8049
10711
14720
92482
99549
81724
24260
49708
96193
36662
74752
50592
79881
28654
50873
88016
7251
728
38906
67279
69523
95399
2412
24208
82602
97321
12419
79237
34495
24519
80828
63963
78469
73670
74347
19288
91368
33278
42559
17972
74569
85416
23262
36275
16637
66027
70270
51347
75175
14043
77304
952
51406
70280
14227
26684
46588
33402
68922
99173
37786
38451
85005
31249
19434
86614
71463
45821
27108
82511
56547
34829
26252
51805
99574
38530
33571
87518
46698
87144
22104
81504
65284
24613
20249
24526
14858
45607
77664
97443
86193
13011
50185
94223
28216
34554
95386
18088
14314
44471
41928
52084
31372
46590
19644
68875
3789
89378
89229
28864
41117
35252
11254
10656
30922
13502
71167
2861
39872
65337
83512
84663
85374
57373
55235
50810
53466
15079
91653
14848
25283
69198
88578
80512
85609
29763
59033
17969
31109
12221
64476
76305
71024
30077
25594
30410
85178
55553
1903
5127
77747
85049
61277
6495
19534
55741
5988
60742
59968
349
85060
72662
34317
80443
46674
89115
59634
63749
74044
91811
79216
94148
1177
15492
53607
72187
206
42666
65343
54946
39975
23501
86005
51847
29549
82653
21914
59909
35352
73223
11136
54609
41802
81550
46526
41194
32529
81110
4014
79734
89428
18949
29459
39228
6801
73587
8257
10340
87859
27312
3306
10146
61444
3555
55188
55457
14863
79644
99654
60042
44417
22287
11102
16280
51765
6941
38059
20370
57788
1018
63149
82764
365
92625
87802
99517
54021
89695
55477
46126
65619
71033
64735
49541
13835
62459
25767
71469
4188
76352
99285
17938
19088
2827
64598
64441
77260
93992
24671
15308
75930
19961
64335
46102
35713
35684
75708
79274
51247
94331
91169
80600
35247
56113
77077
72170
47870
39970
39165
78703
45099
32276
57798
93631
1986
90026
4301
24437
62327
25397
18572
78560
40855
71669
69465
64639
24709
21175
15972
71138
48613
68057
21095
32242
43907
64960
37189
30553
35356
8734
82438
46578
24963
94766
48438
64216
72618
42132
62915
28301
53214
32047
82806
77798
22042
50876
891
458
53944
48865
47097
30194
53776
30393
37099
34328
63008
3720
25239
77564
45327
46536
90530
26236
43783
50453
22727
45269
22192
76752
85094
93795
27755
23691
48875
6221
48502
44317
13990
14434
9844
93332
44268
23294
70380
87318
43102
85542
70202
93524
2908
38219
95044
51566
96224
19024
37726
55373
14029
45281
56610
92609
55551
10152
48435
85210
48116
45885
95749
31453
2753
97831
58867
58039
12501
69883
23183
23572
86095
3152
33159
4015
77208
26480
758
11488
63244
39043
44440
98115
15502
36424
80154
16008
79686
18797
71005
99852
44741
35671
2069
41361
36142
67148
79331
37800
1838
40692
64608
28541
34177
91189
63257
86423
67968
22089
54409
44722
93288
41692
3056
92277
48745
265
38374
30647
89447
91342
51158
26691
15940
18530
49523
85131
77835
18787
5163
48938
48412
90644
39179
40034
22184
67292
87001
43246
39408
20282
95989
90462
40639
2367
83937
76730
42765
78408
73058
94401
37078
26092
84686
36297
70506
87842
8523
94899
32458
42859
63577
26073
4769
98262
14256
46659
18895
51858
79959
16972
89563
30656
32156
27652
1379
87990
58929
33922
53817
90684
81155
95263
51913
62561
35627
2347
9124
82179
71162
45543
17895
4699
45713
36867
73888
11875
46599
12846
76012
17667
23449
24369
52839
12236
76657
16685
11529
89299
55175
56514
93748
20408
57731
72708
15705
76244
59034
37830
17222
945
94242
67034
44361
79973
77568
44960
60641
25422
80989
18932
34157
64539
5224
15209
67522
47583
4192
57215
37839
1294
72223
55864
29513
72922
23594
31268
11142
73276
448
18073
71045
35696
95419
50286
4201
23575
92295
13177
71703
21966
27177
22978
90099
6936
20689
37853
75264
98977
43743
11222
51212
6119
57799
96019
90814
67119
43085
50755
17947
53042
30214
14005
44519
12231
75374
43392
99141
34525
55006
4269
97871
71435
33545
69713
21205
79056
69510
38643
68332
99982
87996
20213
33190
96904
93720
29697
60700
87267
96530
63143
92644
54885
91448
30794
91137
26709
2265
51091
17724
58851
56965
9604
91215
11367
81627
81212
87976
62560
29675
73065
59923
54064
94279
65322
60743
41505
80513
72897
71062
88168
99835
90222
21092
21576
56428
8388
17192
22109
14258
58348
20643
48222
16547
8705
63879
40946
17323
21626
95479
22248
36082
59333
53070
4781
7250
18943
31294
33002
66045
22544
28126
90843
56108
40059
73944
26026
91015
88225
3903
14306
25936
47010
63835
7299
32136
23765
50510
32797
42730
56554
33606
71732
80782
75205
7476
29449
16169
58308
32409
87117
88618
25133
26180
76302
31347
83891
13961
66576
21421
61470
30903
81909
92311
45159
29206
76761
7971
79795
50371
79915
46263
48961
69360
70541
22977
21573
22058
6340
13471
11557
49675
90094
37403
643
90154
91578
90936
56988
29909
45586
36567
48407
33668
34356
95083
25098
96332
89612
69706
35723
82190
77725
49793
50943
79082
65192
22117
11923
91895
25192
43843
46761
13247
39315
3029
54373
99452
24778
56769
10668
67746
96506
61359
43688
1479
97554
80038
71693
62629
17393
51348
79793
84911
58501
67297
45044
17305
47520
67590
46094
20552
59454
4837
73136
94248
77792
91502
78242
70190
93276
94532
79709
97684
54166
92420
31999
10099
95030
74242
52474
14439
27623
85391
3560
27123
13845
31341
81191
10948
96560
61737
52715
81559
76156
58746
67995
25545
67712
43968
42354
77280
43448
88142
28819
56722
8692
7305
36659
17109
713
48586
62476
16113
90659
72111
32814
21415
90037
92331
63082
89708
99679
83195
88220
79845
10530
63962
85848
18630
95628
469
24212
64055
46984
66003
91220
45037
46293
6946
88171
68141
61529
74449
83886
15200
29901
79169
52043
38436
63731
15280
89731
64093
4384
52752
47741
5132
71437
44833
53759
14600
21933
76447
13954
43927
97429
32281
44401
84072
50784
43494
35597
69008
95335
16177
33036
86158
44831
78353
622
30347
77296
42094
72341
31082
2574
23275
6920
65714
2402
8987
15870
23951
93952
67317
41442
94260
68214
35006
88914
63581
36175
86515
62417
15338
23258
23205
56358
93197
72805
80472
98844
61862
67270
40589
3305
50351
83919
75451
35167
26329
53262
80014
15544
42005
89618
5074
87472
59863
35453
6912
3335
32316
18654
74170
28388
64110
38700
19777
69014
42523
72065
11673
41323
80155
85196
46043
53117
7035
72674
98763
77080
18182
26212
42243
197
91453
43456
24417
20739
89202
1382
1112
29735
59135
3512
71198
98776
36013
29687
32144
39324
51016
10919
86624
63907
26487
22805
56798
55898
132
23231
58881
70497
27495
4208
45265
36434
2879
88885
36502
41930
1830
68748
66702
49367
38409
52849
98882
33232
28324
87786
96395
65675
28362
78806
36164
45508
24446
86976
63223
72942
43787
22302
55560
34864
93694
94028
39841
82098
34762
49139
29436
47951
82812
525
14577
23149
19235
69073
30085
88995
89265
62950
45759
89126
45434
7465
93736
21641
68950
96068
3360
7174
61092
85739
13460
82167
70530
88034
80889
40025
10898
98254
89110
143
49240
58885
18861
83752
79308
11702
57358
43821
55187
94057
26689
49244
63643
77627
87596
34491
87890
23261
95314
34703
87813
57238
82308
85908
91596
61966
23568
20155
75052
87869
73092
3535
72213
29970
5151
14628
22642
33408
93809
74590
40956
25817
19376
37341
55425
60876
2597
51387
81473
50811
49377
69354
28599
58446
7967
44395
56659
18038
37236
44360
36881
59262
12409
72849
38086
15241
37669
70811
87985
94558
49094
82985
30924
22085
56382
75975
96093
28115
20490
4471
7474
91241
86320
36983
32080
34036
35139
52511
98486
73120
56499
25001
91598
13767
83117
26240
5232
62759
78704
18846
97107
13334
76080
89826
95097
20096
61145
41095
13490
10432
80314
13910
38193
2716
22455
41772
63222
85276
41855
79564
24531
33107
59587
11430
45347
11298
34401
16419
18918
64920
25193
53426
21810
64153
86348
93630
80409
27543
96651
27396
2813
73201
93081
94045
81238
23770
27550
90697
86043
26043
42620
52330
28293
39123
7597
42992
40510
86251
26390
12576
66586
10915
33555
37000
59734
27904
17600
26999
2823
93272
62958
67132
79310
25230
89778
9761
37579
25109
59467
58215
5892
80682
96051
62889
84738
9703
85289
62681
77222
81463
65941
42306
80898
73781
72269
55413
67554
3972
87945
96228
81483
94690
80633
67460
82953
51456
50384
29943
58184
10645
70526
14686
23550
2433
91519
95799
78598
24403
19629
48282
54516
54800
51343
38953
28589
78203
44934
94474
21952
59305
14907
77703
45913
5709
69405
26417
12674
85095
83007
12223
91823
56344
86463
54650
25163
51648
78901
32332
55045
69959
68218
91092
21304
38060
39859
3249
8578
47662
80363
42549
75125
28672
17111
3668
36897
62222
60151
26162
85123
41784
85833
18209
39737
69615
81237
32250
15023
30804
51081
59191
25618
1689
77379
19529
35545
2725
28923
76111
1074
20065
2487
45219
376
10160
45039
566
53292
14315
49154
16964
40128
16875
48423
8639
37625
21770
78688
68296
54179
16976
11688
47588
40552
40375
10195
45733
14482
35715
73216
64766
46275
88606
69996
17932
81989
32956
4500
31724
74745
24420
13761
97449
55866
71362
67488
55272
82668
14008
50424
68091
69866
60686
61254
67287
88665
85263
49757
99563
6889
72867
64004
8351
29053
27059
12722
58847
37095
28474
33053
96528
77741
11766
15815
43606
65341
76837
8383
36583
61217
18006
72009
61214
61633
35668
56860
68697
1618
43468
78153
35789
54893
14068
58512
34322
57242
99730
55460
20711
59243
17240
76218
30919
42371
24830
92091
93008
29181
15111
79123
15896
6818
78878
9119
54991
24716
15133
77947
38687
20545
2883
50797
64991
74039
68694
63468
10063
5814
98651
96916
21259
38074
36824
77834
29805
29607
5019
7402
41746
32656
2570
27797
49843
55949
13747
10735
56220
38558
24841
62680
17528
51766
74435
53686
24911
68331
22647
5726
45780
29881
60702
41593
65044
15944
77167
52103
65876
48805
56395
20514
90486
41533
9492
38359
45110
62062
56577
83386
84674
26526
1113
14534
36111
46994
83995
30414
95209
45819
14640
1875
1306
92268
35357
68249
55012
32604
12756
11110
64382
64321
70747
81698
44952
34146
38713
86141
47416
47368
71651
17977
73330
10382
96084
83097
30122
49567
35809
60930
16618
95753
16000
42952
65759
12428
87193
99208
28739
76507
81681
50919
59389
40845
76881
56998
74083
30642
72262
42119
41038
64364
11185
47315
52785
86305
20369
6176
44761
32893
35461
93128
40962
15008
17312
8152
8288
75725
82807
53667
21343
32349
24331
48443
31842
91942
8202
33282
46866
95891
85346
72426
9090
97462
17457
99749
6418
50376
9818
47403
62938
77093
78665
85389
10666
37663
65461
28811
48709
68512
91165
91737
22487
45946
44641
95124
73868
13081
42581
22421
15534
74033
9264
52655
57133
96044
85715
10373
70403
18849
24727
64623
17140
87584
18424
57707
67072
35601
40557
22185
15968
30497
47484
86458
64529
45876
39306
8574
2290
7028
66948
99205
62890
69251
14710
4706
76976
95434
11155
81818
44834
54981
31212
32320
33900
25058
55563
45096
45743
69101
41853
42687
69389
60622
24909
96685
55279
32355
91426
97216
86374
90939
85705
22992
86447
37326
28711
79504
14270
39034
66972
31615
48568
5671
37470
46244
3653
327
54746
35066
21795
63994
40969
19467
10485
84303
99440
79946
49697
65325
59265
56275
96161
17486
80674
44876
76547
48779
42202
13154
48620
85985
82200
2393
26503
35435
11642
19082
13242
61929
11807
45224
32464
38510
16799
139
18816
18533
69122
87455
22213
49206
75289
97068
80737
44016
47488
43417
35659
86922
2442
78257
32825
69830
36276
14884
49579
23733
26667
9522
97835
85104
58052
4685
66357
63185
14985
90180
48590
37680
56037
73207
6780
42861
88892
15043
88769
19934
54977
16810
63453
20929
38377
70121
98588
77035
92774
57760
51201
60119
49129
30606
94673
7180
90642
31286
60022
41816
49610
11516
52076
86868
98274
70290
71787
72008
38077
5631
48192
32926
62562
12433
46772
52801
79886
57667
61896
80209
95655
64554
97771
58018
98998
36120
14954
5345
84551
23899
41239
74065
29807
84263
91790
27826
88877
95251
14737
16537
88078
57227
24509
64775
15346
58577
36812
68739
40996
71641
30546
45618
56943
87750
79658
64147
27601
31946
46986
87324
28700
36690
33651
89635
34415
34213
97600
57339
834
65309
79970
54865
32795
84251
49209
62563
71886
27498
55057
909
92633
78825
65159
22436
83633
87999
29382
25559
33483
87232
77145
21279
64452
84883
76898
7303
44688
89554
80518
99738
80768
90032
60505
89682
96524
8210
63215
96347
27745
92907
13736
43082
63689
41629
9973
92138
96116
88402
14826
11033
16085
82191
91543
51883
75882
2555
21367
11544
23737
59280
86733
10825
18945
98923
58247
87418
24030
54468
24614
99630
63166
69193
60781
36492
66864
65596
96888
57240
43569
58209
55747
96753
60810
32846
5955
98496
31390
65029
89968
74012
65554
90897
36409
78739
48000
5900
24592
50913
93914
11960
20037
28678
23202
78309
15270
6155
89108
32046
12151
65407
59762
69031
81335
46503
92725
40230
47836
54927
5642
36648
73608
58972
6102
41197
25622
32044
63560
17394
67682
25068
76266
40287
55021
9715
46062
33489
742
52108
94798
77827
10003
76878
62553
9990
16824
20186
66503
16815
60287
32129
34331
49238
87701
28863
57796
53064
73479
51791
23507
89373
65195
35847
82857
99511
25008
19684
43540
91792
15902
96453
86184
49918
10566
67621
16159
13360
73475
24128
51592
63660
49752
66273
74638
2519
22937
56103
20742
80179
76132
44462
73825
99191
51414
91277
82084
94373
49474
84689
73222
23458
80582
91620
80623
97783
25824
91619
52547
2161
65149
74119
94836
49760
82911
74030
6875
9609
12203
19543
98333
41256
93946
83483
32006
43726
81309
35358
86734
15389
39478
8349
93591
87196
13375
47046
40634
9619
47367
90806
34238
1597
46583
35255
76877
96891
47136
4604
3197
70226
49963
82222
11794
52966
96163
68276
71169
16725
72983
11253
50247
26476
30712
70492
60219
77171
7439
67563
70788
96842
40721
82122
43603
98402
87660
30674
55889
62995
50563
35636
23334
35216
43376
78055
64388
50812
5554
86503
73676
5280
14527
88705
27412
69832
25611
36345
12268
59364
12730
29747
31479
83954
34778
9374
14033
66264
1835
2269
16771
41335
2320
98194
26988
60126
67289
40874
77039
28633
75805
81479
65155
24691
52712
92993
49768
55992
74932
41413
89723
3683
43718
5678
18707
11509
11171
55182
17557
33798
9796
97502
98839
58963
34522
14917
81289
6028
73496
5080
24064
74138
94783
18863
73522
57679
66662
3022
30607
83041
88172
82343
21298
36960
34924
55122
42455
42779
9615
94218
92877
51643
36143
98145
10318
55713
49464
90087
99881
75117
83046
84875
98853
27795
13252
74029
9184
35010
87319
70555
30623
2593
4412
84407
77879
76445
22554
89993
98721
45028
1653
48873
77623
33063
27863
23152
34059
79819
6845
65520
33065
47508
8752
92528
68508
55792
4826
55817
93595
56585
42181
42553
21528
96802
64224
17112
89934
9177
44581
88013
50867
13313
53779
23608
43003
69057
16357
82767
24006
52310
41957
92395
57784
94857
99108
31087
99473
79175
62509
39227
99332
98663
32233
75996
72968
62903
59649
7
68294
47840
23111
23011
60830
29758
48565
89525
73719
8910
33202
71991
46269
53750
87624
6256
83389
67708
1434
58154
56284
12910
2565
71650
84601
50375
69423
22093
17163
48194
11692
95117
48813
29514
68999
968
3174
17762
52560
42201
59245
12351
58973
72119
31086
36351
90113
28676
55936
74776
16487
44143
22671
57545
32255
7318
50615
25587
23209
15500
69505
11350
53266
40778
82329
99361
1058
79593
511
71205
98728
12836
12801
86601
42554
10442
23413
61991
68865
16989
30351
41609
40090
92404
48769
50450
3341
55882
22403
81262
83793
2353
90298
31147
51074
4138
92226
49716
52612
22973
24719
79733
49883
22939
13094
51926
64535
21751
29767
12002
86921
78406
91756
61410
99787
54438
50401
18047
44493
29007
54754
3506
50629
53651
26185
57139
96166
11440
20871
2921
87880
83519
8789
23180
35979
52685
2091
6000
16773
70196
35680
68843
61665
90989
48153
16182
87054
86036
42180
17959
18876
39117
12214
12723
6527
27801
6031
72023
76674
51103
61848
58724
96460
93599
87583
57612
59194
79847
23856
51003
46636
23013
16743
53256
1862
73023
55363
86430
71015
46689
47142
41721
52397
37253
9731
90236
60517
43756
87122
62102
69680
4767
68724
80791
47007
4023
71825
62058
60419
38386
37647
31822
42605
72429
88980
39501
12537
21258
46168
35950
24562
39119
83907
60054
19604
65996
65176
7898
89721
80088
74218
2170
59071
49594
92855
82037
49429
17442
14479
59855
61532
76911
26593
19816
18034
21137
95238
29144
34822
49969
87401
77670
52270
31645
35173
14523
76903
70021
10940
89636
17537
86675
46834
47817
75325
88764
21240
74377
43662
26076
44063
38198
31168
86803
14775
23821
39714
96795
59777
47384
95776
63280
32744
54029
54449
56953
32713
27999
75108
89703
76267
63553
97096
22163
98646
47075
19453
81193
62806
30731
14384
8446
95851
15463
97624
72693
71098
17089
88523
13129
54483
31110
58296
10782
16076
50518
65644
28130
19794
39333
93493
40651
92034
64986
85172
30313
72545
93222
61305
37107
49872
99143
40829
77081
73954
20974
90786
2600
4760
99154
10717
7555
51283
97275
34217
73467
38650
75492
95932
79283
93522
65340
38318
69011
71789
24571
42546
84803
37079
12301
82794
47423
78629
25342
92046
71325
74852
5584
17040
98511
56971
59890
58132
28196
844
5155
31766
9196
28616
88048
83679
16259
93322
6285
27245
36000
97156
24829
6399
63578
61297
82398
51059
95673
45951
73052
56712
6239
72595
28513
77598
40358
95942
33309
61812
3228
9681
51064
51376
5784
27149
92987
81986
14462
13817
7336
69321
60578
2835
27077
16432
21863
32675
21013
42760
73628
54550
10649
88643
31176
69455
21247
41570
38557
56604
41520
85072
99650
33445
34662
9409
24941
77295
4042
58390
73118
76561
15218
28716
82333
40681
55712
72466
36178
95477
52325
36392
80634
66243
41175
97617
28801
99804
17509
38895
60657
60525
74136
28869
91909
76780
77794
65104
56944
86067
71460
67303
99107
71856
46039
37712
60440
16691
85066
7910
58346
92232
83149
75595
10604
26638
67944
85042
47515
8610
55203
92575
34660
52083
88782
63300
14327
10648
93849
91910
81565
3274
68244
66052
93777
19899
94859
96122
52479
80458
42423
93614
87349
33435
58735
98584
98980
5749
54354
84592
40607
479
24213
39652
74143
80838
40412
3600
10938
7797
87310
32548
17403
39020
80131
89661
46217
71767
57075
49683
52517
52482
5150
66984
64233
16666
46570
40448
28535
41064
13063
6060
31059
68158
21309
38186
27774
32403
58791
13246
46514
88422
42216
36695
16228
57663
15850
1
61134
5546
32032
21516
21189
90474
55050
16520
69376
37282
69683
72304
35621
45386
54218
97427
60347
10422
47980
5637
26467
4809
51085
40100
30003
78863
14069
97177
75390
85999
61238
83796
43567
50216
47232
59981
62504
66471
51382
70660
76292
23721
1061
57416
90543
70410
76888
60203
72601
11401
72962
30196
94207
21283
81607
1744
72615
19109
10482
82368
25007
85253
13902
44935
81443
71546
59611
11730
81432
39818
17076
12172
47881
68101
5281
25433
14313
49878
26633
58163
68431
7155
14891
70982
93477
85257
7652
43469
36015
84306
98729
70103
98870
86950
82433
78545
33756
72044
69583
64575
84228
32353
12248
81395
18739
18383
69647
61365
75517
94727
40051
4681
67764
75870
8353
58403
14200
99250
14140
17075
82163
3366
86563
24457
43715
14225
46420
91236
5660
93684
57512
70141
92580
53741
83145
10624
22759
9782
26510
83192
21430
77051
51622
66349
24086
14809
91997
41188
66205
62934
12530
85447
51305
93404
51761
67890
1461
6771
27198
77849
20690
88924
36857
3406
17560
36913
7086
12368
55527
65008
14408
46170
21883
70192
35145
70100
33601
20131
29669
32628
96433
58558
4258
87893
11129
22118
56925
80370
89865
74107
64369
90857
10886
79739
88535
99576
73784
28274
40056
10972
21970
27855
97364
32066
22331
3577
76056
91933
21153
18819
40097
77123
47791
51341
40
64227
38644
20306
44338
30538
41951
40477
35875
28470
10222
38562
96599
59998
93158
56179
76030
62905
95007
21604
71524
20937
38964
24579
29142
39513
56701
75558
67295
61323
32474
87714
44217
31994
35700
76283
76831
53623
30110
72096
52986
14328
68177
43919
813
98530
29727
93824
78614
44889
37907
36977
40273
28826
92686
16235
98666
33707
63512
8305
32710
82975
12844
39715
31068
24675
78275
80451
8568
81211
24684
10426
84865
87013
60651
96290
16036
29219
23439
26478
11728
56038
53376
29046
28128
75612
25912
75667
59815
98995
58456
86071
55414
92776
66184
62130
76615
90715
96969
86854
16387
1444
35703
59159
31071
53774
34276
83276
12219
27360
2713
25478
64941
49640
41940
73102
63419
25886
64517
22822
67388
5924
96840
48871
81960
29879
15662
40157
68333
26482
57141
57675
25779
33441
77190
38864
29582
50927
30010
19926
37548
66307
16833
44768
58912
54792
88724
85944
10792
42191
81198
11092
13620
12717
72623
32049
87742
32552
97955
64494
5973
43491
58396
39650
89039
34152
68115
17583
34252
92227
99897
85260
7704
47657
61609
93508
20645
10583
46701
4190
34348
67967
10136
38459
6110
17104
50725
81998
35649
73177
73474
31149
57226
61078
36274
66556
7528
66439
7814
91264
81703
83335
87048
30133
23680
73969
61579
14342
16198
50127
77453
81916
44232
86497
76494
27305
4082
39096
49437
29895
86006
54070
25538
63436
35179
69394
81817
48455
82022
12701
40647
50033
31865
76681
22849
11148
37638
36870
62391
14264
52901
59774
82868
20104
88685
55777
71715
19509
39623
68087
74715
76104
48021
22829
18411
21482
2392
90870
25410
20440
44105
64161
16562
28117
15448
13240
74345
30091
83406
15765
73358
5804
36289
49041
65110
56100
48751
81208
49666
43399
2503
50885
18857
59588
22448
72798
93917
4109
39873
82372
30151
74781
32
68934
79424
15141
5207
71120
59170
61009
28010
27875
30687
80852
58384
3838
11873
87422
89451
22550
47847
25112
36769
77277
81723
35774
13798
70376
74746
76650
15852
49180
6595
5195
25097
9602
80821
33032
25971
26447
50881
7382
67005
18138
60919
23789
68228
79526
96722
73393
57018
45748
69926
60226
46584
90957
59608
15294
46414
18135
73536
28752
41179
40214
97279
53257
25113
88393
62052
9694
47584
1632
79493
83235
50783
98510
28569
84922
7038
22478
86920
78221
78495
35231
76570
47314
15686
11825
62026
47473
81102
35556
70455
74027
81571
78475
21956
18809
65957
91661
5062
68219
37479
3276
13890
99783
43604
38412
93319
54081
40353
59952
94096
42427
75270
92711
56244
61286
98185
80640
81393
7312
79444
3068
76524
20019
69852
12787
20322
31768
90932
20700
24635
83922
38723
40386
39065
78341
2895
53866
27544
40710
37319
80391
55388
65446
53044
9496
13538
86684
84317
13421
68755
73385
85694
92113
4954
98055
80099
87732
4492
7850
20009
89237
47059
36720
95684
57664
83810
35840
31643
94089
87125
78526
40394
17966
37309
52385
63273
77220
74906
12810
71465
81842
47998
44897
27004
92089
95892
30855
4520
26191
46089
3442
70329
2301
31899
29944
92151
88404
48536
36348
33121
95388
59167
22216
5428
67570
44432
42865
62246
92260
14092
98183
4505
60732
38487
76642
80660
77187
82478
18499
27938
77162
1014
84342
85571
83516
31532
95968
20732
13266
34929
35731
38364
60215
35992
94677
4673
43837
87059
33878
51404
66442
81719
11280
79692
29318
87486
53532
53634
79371
18083
69411
5435
15255
26619
49248
11381
56054
10502
19387
26063
36634
27578
5117
5887
62458
95922
70664
12740
81103
53505
78996
20006
18174
50959
71919
98395
96575
46473
5363
73460
35656
58203
43903
10418
16461
96242
83023
74149
64146
22422
9961
36156
23431
34797
84741
70120
36912
22236
22540
50069
76574
91021
44600
75815
27032
18236
61802
46691
98276
27056
2704
55940
9286
35005
80149
62703
82840
39808
98422
88091
75245
41539
64784
225
12753
59267
54532
85136
88453
84146
81293
7934
59009
73427
24784
30383
69429
78493
21052
27612
54651
91412
36701
35060
45349
3109
3087
73850
46565
90239
21613
96769
28280
67648
86521
97910
97828
94441
65181
39595
37881
93044
52651
82215
64588
41461
96698
48169
24680
56290
32469
3327
15654
99826
6830
24478
75297
60315
22028
41796
27185
99753
17809
3546
51313
74082
86924
31611
3572
67102
90833
80136
98576
99560
82548
11214
47249
86229
4130
64273
58739
67589
8759
28225
63085
71306
93427
17660
9674
57625
40876
45423
79489
42694
29954
92294
36429
76176
4567
67429
57178
82349
35295
5595
35077
87577
36688
43898
41322
6181
75904
25624
65895
34139
63713
56928
28749
12154
13658
59037
50570
760
663
99114
63341
41947
29361
52004
94479
60629
13407
90295
41219
24168
92673
38057
96319
13236
30717
59687
19887
85045
5276
1047
96021
83646
56663
75007
22968
32735
33938
53948
84496
38280
68132
3008
18666
95732
62099
91418
14646
61247
54700
34296
83481
3527
85743
32588
50350
53995
70828
68496
40714
18536
61551
74079
73957
33300
67527
17377
77188
43672
45213
83573
88531
31984
61213
37288
21292
31830
8055
15391
65902
5266
7901
57380
42295
27741
18457
23618
83275
67533
19611
80873
32258
85701
59993
30517
46136
74026
26776
24273
63168
35701
67919
59309
34675
57994
74333
10662
59404
87619
24816
8289
78018
79077
78940
5917
97677
17073
5715
89006
56534
3793
40050
74106
85638
46399
98608
97473
74780
24705
6320
79425
58538
96080
91023
31028
61718
24791
12879
2942
62290
77765
91711
86815
34236
46678
82969
4656
13043
97637
81045
33171
42349
74264
9320
35530
75836
95950
7282
74423
25723
15711
83428
70482
36317
68871
56565
48778
23466
2451
5073
6231
28611
27660
5344
20925
80018
81243
66859
99335
45126
98624
67772
77485
37002
949
62668
53205
18627
34677
41025
84523
58480
24216
41836
55601
70336
9463
53264
12196
68262
16023
21754
62646
2019
97531
5854
88721
1595
15928
52686
68889
28638
34642
95112
68556
58893
45478
95814
54080
50324
16514
67629
63406
49859
67874
4970
88556
52938
25248
44068
76100
25506
95860
67348
73758
65059
4794
63381
11027
39739
69305
53410
25753
10400
77734
81556
11005
49197
36770
48390
2336
33864
92587
2963
37556
22434
26775
29058
70439
60808
89704
17465
10438
91962
64438
15333
60942
94824
73685
66647
48633
86143
42646
43046
71572
13978
34203
60136
28215
30789
92281
55458
27076
6195
86094
3367
89874
72576
84309
69823
38398
17117
17539
98075
60418
11587
57633
248
37083
9660
15562
14771
51546
70910
92008
50198
78854
42925
68925
2441
54423
65440
25011
49805
71995
92188
21877
33243
59598
16577
17801
57485
92435
80817
23855
94236
3878
71801
52873
32045
87453
5649
35383
97030
35786
23445
94733
91473
84125
18332
65525
52716
51956
10962
25260
79358
24315
57101
94976
58839
40587
11754
82773
5676
98416
37780
10985
95642
49855
17931
72051
10757
95807
31257
89960
377
67891
92394
32829
62416
1283
19935
72255
2960
81297
55127
17605
10631
31170
79394
58259
17483
55706
74307
87526
82762
9982
24456
20931
21671
71611
13181
41024
25475
82987
94487
8029
11310
31732
57652
5851
49783
27584
40615
372
49847
70391
19850
99976
8733
929
1490
16436
99198
50079
5857
78835
22024
39561
54457
79697
33710
92499
37764
30423
16654
22489
3717
91316
4068
96445
33870
76461
1491
26462
60967
91883
99676
9876
66811
18172
44086
57023
53447
28197
45375
59493
50866
95577
60039
93854
87520
15243
21728
33316
15169
27529
29239
75756
14738
27778
34093
34474
37883
46820
3916
37460
3551
49891
87361
27733
76093
16896
66106
19696
39274
93139
43098
82664
80800
57436
74973
41531
89989
37336
29356
36031
45559
51734
86577
61543
96826
47736
86973
93657
92031
29470
65767
543
29153
18005
34524
22140
69042
9230
45846
25604
39816
41114
71659
3743
96378
90895
86449
15763
96494
27009
32717
79084
73603
14893
79714
83109
66947
19791
76134
24993
94533
79662
44904
96861
79550
94797
37612
65283
43795
22700
4081
42217
82295
47682
15584
47982
73316
21747
36858
31437
71450
4668
55385
86154
51594
23283
85383
36374
64066
84986
39709
77207
57264
37386
98046
2648
16984
73858
33655
41366
9805
63274
24416
91974
36020
92165
84516
97798
93449
33041
21532
87646
94914
54983
93048
54424
79622
29353
24296
68738
27282
9132
31337
2332
26863
88136
56897
87005
98536
61131
97661
41346
4162
98346
53900
82374
67192
88445
91444
51604
21769
87837
47463
7205
19990
90426
27962
77602
88019
57472
43933
14652
41961
44307
40906
62373
26590
55810
95711
72319
45090
11987
73918
40841
83735
39175
42342
16045
74952
51087
77667
33481
71246
59518
30040
57592
67821
46440
80520
11111
15468
47656
84086
20513
85751
72762
15759
83809
31614
21501
4736
65202
78964
721
24499
98167
40172
4408
30909
77422
95180
94657
47140
30948
18950
53285
6210
65536
26835
54106
67705
1130
87268
70343
2405
63838
82454
48405
90963
62625
24383
55668
18296
50975
79386
39040
30204
21500
9658
90858
51931
48463
66044
11060
12205
33679
56679
41298
26816
17585
76938
53574
34858
11770
80133
96014
90976
6099
51514
8476
61495
39732
95313
89250
74342
64660
38797
13935
95073
27509
65190
8596
75508
78648
96676
72632
70942
77282
94428
20223
11597
63030
27763
53207
91758
24249
31008
52190
95336
96420
21046
9995
21023
25358
16707
32463
91053
98371
62994
98281
75484
98220
26980
6974
13716
98135
64480
41717
96665
24514
17002
51897
11479
99799
78381
16220
79017
84868
41549
7202
91349
39628
10393
13272
51372
42882
8968
35977
30941
64164
36891
15929
68213
18025
79671
61512
8360
77883
28868
35126
65898
98658
69953
9500
24103
29027
62767
47993
25947
67420
90265
67662
11697
10330
51923
32134
45721
58806
67748
19559
38787
76576
73855
30757
91487
93733
89419
63474
74354
72613
78282
81276
10327
38109
15187
91372
39922
3709
44038
26738
31209
55510
40679
25702
65127
97559
67246
79241
81739
38776
30119
94881
82204
48945
94264
92784
33908
71385
16891
21428
62232
77984
43678
87670
48618
1810
56160
13186
51927
32124
74356
40082
49015
93031
87335
14627
64972
71085
64230
18669
31272
20760
83844
14477
16081
339
44422
29600
52074
5143
30624
14484
39530
43699
95402
77180
20885
2761
25173
43525
85987
29409
38839
64585
37684
57073
64545
9859
5303
88740
42899
74195
28327
20485
65667
96790
8259
35458
44806
96702
79240
96748
3013
53448
40162
66067
40654
2995
71763
61463
36210
54432
52432
12699
77211
42726
3698
6203
62774
45425
51972
83246
84553
67871
14442
76018
80857
5792
65878
16693
83655
99453
4029
55714
41316
26355
40021
86786
50196
9076
92835
26943
80153
36212
24938
71918
82422
26597
39909
42050
19806
10234
43938
57398
37286
35253
60969
9152
18397
90445
63330
50221
64356
34702
93341
22530
93677
95283
66669
65162
88668
59370
71479
49065
36890
30823
6144
54895
58606
64116
32404
57864
7947
51539
33453
1863
55548
71292
12157
24582
156
92759
87387
85367
58065
12668
85296
75546
98300
61060
38967
71031
7247
16130
87368
93111
5048
76480
53541
11034
55732
45741
575
71243
90036
3148
30432
24207
69231
24866
11473
77660
52062
34782
16513
87087
35543
86046
25747
18640
85580
27427
41535
72906
54165
95842
8161
76261
45873
28161
40330
11312
9887
53369
31232
3304
85306
85937
52974
30356
87449
15352
1886
54210
4734
38810
15823
25110
87604
92778
41556
16682
12749
70567
13568
16978
44554
72593
79995
90304
88383
45385
69238
31440
19804
99122
97611
85758
92205
34278
9185
38174
8326
90019
7581
56669
92340
49152
71434
29553
75989
79115
64289
71495
18648
94671
25831
31043
11339
13653
42939
51315
98379
25772
33075
22290
95232
53210
48451
9778
52843
90606
96937
3543
32592
86241
15022
8776
96680
84905
89530
69007
27232
84026
66631
62944
80430
72916
4144
16470
87870
33042
53618
91703
17842
23138
80184
42013
58633
80636
91008
45301
40559
95082
39779
86188
63584
44860
68640
14048
13409
29374
28730
40695
84452
79479
40746
25996
94547
77774
85960
18141
50305
23847
77620
20135
28567
68208
38569
24104
63859
93275
38676
15224
11733
32303
99327
35174
38995
26037
19667
73621
77843
61306
5636
92051
8490
2249
54313
20482
43127
94038
2836
4730
80499
52312
28769
27449
85578
63295
30268
93045
97546
53471
81296
82436
23977
65874
61660
58287
84143
13452
49739
50131
88861
36121
50157
91255
61667
69671
86969
33320
15653
80891
54998
75548
6362
33410
56592
49290
52669
71854
7492
89613
90103
3686
52879
17223
61602
98962
43317
50340
88897
13153
30878
10685
66831
91038
35317
56629
67004
11966
13948
94224
35767
72057
14747
58510
34365
71071
46617
11841
47282
38858
55677
57066
85217
17538
42089
72851
21256
62683
36550
74185
94624
40411
11279
84007
36376
60576
40602
95868
90413
42359
78325
48530
95705
44384
55029
38553
53326
63511
66687
29833
16534
2664
6589
88055
87405
54453
65612
75466
116
61146
38161
15569
74189
67571
29725
10270
71064
96558
15813
58656
71223
99981
64052
85873
98308
38749
14841
21386
50907
81109
66748
93830
19161
53762
34880
12646
22497
24047
16301
15579
48162
23420
85626
36390
62216
13444
78171
7019
77440
8950
48278
73094
33696
81705
17071
87867
51870
2541
81487
24206
17206
12335
75857
30938
33020
73340
87080
31371
11167
6354
88848
25765
84633
18635
52327
64740
45084
4522
98575
66161
19551
25417
78388
13734
77892
19007
90021
62630
82793
59537
76764
9559
43458
75136
37642
22449
8028
89656
44509
61656
79551
83371
70315
40688
57786
36206
40604
72350
71738
49559
54329
45887
44165
59206
35198
55863
17675
55489
45412
6293
2284
72589
94302
43646
70996
16552
79758
87375
60832
24986
86792
56419
14463
69148
51769
16374
13355
28337
33031
65173
24822
78590
14208
90172
62863
72134
82804
4707
97348
39480
56956
29313
19862
52081
58037
5741
47931
21053
48598
83384
79910
13733
1339
41707
61
23708
33810
77503
92275
26384
2807
32177
28865
18131
21738
21865
61849
44373
49849
20169
49845
56656
34812
99913
66964
29062
32139
47815
41137
20946
28526
55138
38025
93266
11454
59715
1357
5574
22721
98750
83499
77791
59317
9685
3880
70035
13074
86548
35919
21407
52662
81148
18792
33050
76325
43883
99491
48522
20182
85583
23892
90836
94886
33535
46522
41970
2232
48786
8982
15150
26675
46447
58241
4664
58632
71332
8807
80263
85505
68914
29212
70320
36109
61182
9349
6185
87774
53896
79004
27580
10569
90418
24552
68720
66217
32449
60871
2564
875
17252
58463
83356
86338
62839
6448
1554
49
74920
80505
39456
77125
4554
50428
63199
16826
88285
92894
5003
393
19059
62758
85218
11070
67118
13517
2631
9575
37707
78593
73743
13322
12670
60652
78731
37522
54636
33636
39765
8162
51864
86164
28710
58075
2991
44847
31019
61574
41528
83219
12851
30500
89903
91628
89810
90545
37298
1812
464
71320
68510
20029
60108
94226
70106
85262
74045
62035
55088
7457
29516
82254
18041
44135
46132
39011
34012
83605
23563
70594
57094
6431
90482
80457
10344
50175
53018
83972
33415
65313
24033
65328
31199
82025
9690
26228
26232
39553
26599
1007
92617
96254
8237
97832
37365
76702
84931
68095
87060
93934
65776
28509
39288
21066
79449
17079
89584
22951
50529
82900
84330
10913
55337
56653
97610
70887
68486
86471
94953
99545
92437
31746
92354
64506
41647
93295
5950
91896
60313
74675
24652
28434
29690
71788
33881
36896
68297
97934
15810
56106
84851
22148
25092
11612
47392
25138
67288
57865
89787
51730
62090
52144
88054
95710
61861
39622
4779
25804
90496
82955
4686
78597
14506
32886
45872
19404
39151
36341
9892
78398
7486
37831
83099
31259
18181
12338
53932
80885
51757
14505
29713
62429
96356
44185
92231
40286
28135
34739
18980
52230
61339
85236
46849
91525
68565
32975
75397
56081
77569
3422
69416
63467
63034
21719
25938
33007
70560
74479
59636
14453
28500
48700
8106
28943
65527
72626
15487
99683
38514
378
88944
83545
31507
70517
85931
98520
47005
41862
97772
30384
45029
43537
78484
44178
31343
22801
47058
67574
51948
3127
59323
29160
16729
47244
34068
15770
92544
90054
73117
40425
82636
21086
66070
49733
60591
13006
27384
27515
87011
7754
87710
77424
92974
13114
83477
43402
45835
76626
9387
42536
56053
35313
22710
64279
69964
57438
70449
65487
18104
26723
81595
20166
74550
37397
31968
7240
32513
12089
49797
90672
69857
94409
99365
77989
72019
57693
59685
83557
32278
68818
56879
51331
92903
81578
54223
74470
42469
85888
18108
27799
97931
91185
42887
71397
66560
26583
55721
61534
90978
64889
35838
79791
94622
80555
33120
96179
42162
19218
28199
19345
31188
46313
47436
53090
23628
19707
3938
72415
72209
51922
46499
25940
41787
28149
10558
3240
1393
42875
18343
29301
80802
78223
84491
78295
77812
93133
23395
88440
77321
71721
70810
2214
99886
26169
33206
95936
46051
76718
68420
72637
7190
31012
22155
55172
2810
49947
1966
86801
14641
24617
87905
53602
94430
42347
39268
85354
13812
41376
62638
36596
51441
2603
25798
9518
89434
99059
80202
39071
32557
44926
8178
40415
44929
20538
62597
65794
72955
43890
24309
50521
29551
81072
98698
81728
29041
57143
1443
45556
27240
10473
83840
14894
62739
20648
23226
37618
29803
576
75970
35759
13337
82576
6810
3006
92605
61175
43694
71731
73510
2643
35831
7108
16594
84801
27008
66719
74340
62548
50412
25703
66001
31134
72400
23751
80119
47628
21394
90608
71439
46643
27103
26497
51684
63466
94420
25733
72519
70938
46579
20008
57445
75683
93400
6341
20608
66747
43930
84429
50070
75830
27301
29363
30164
43316
81003
54831
18109
68330
87621
31565
29552
24669
48713
42466
52534
81908
39810
76200
7087
30755
51843
50497
18469
90296
66426
75605
76234
43493
87823
99979
27570
47678
54647
8566
3700
91117
7363
86947
89959
48471
38017
19790
6451
93355
41530
96366
12986
55813
22903
85901
59928
66015
42688
88459
75488
78113
31317
51762
12362
88650
7881
88818
85992
51463
11641
28481
89944
62076
80644
73390
69127
27686
80166
90596
22763
31193
84953
78241
12273
7427
21232
43210
97350
519
71817
19234
42488
26398
13189
50587
85735
18757
86807
45023
93877
91129
63011
67301
89660
26857
9539
24623
31713
37670
37821
59373
73337
13271
11572
62125
64083
73194
92301
11316
15605
9936
57607
6647
98248
2113
20380
26549
12487
75025
79067
55161
30748
79501
26124
44832
49715
7127
83748
69612
80812
42902
7541
55134
45746
83475
94259
24149
25188
48780
32004
18478
49400
67711
39554
97728
34064
85227
3735
62218
10265
91455
32702
77740
70364
7935
79527
66979
20708
19165
71639
60811
39263
74935
7914
55450
90164
7359
59596
65004
46705
45669
78619
78331
52126
9561
40923
80254
51076
8895
73620
94029
45936
64103
94097
37109
16022
7469
29566
91530
33087
87463
5717
76861
27002
64618
23657
42759
65082
75771
75665
83008
59112
83321
63807
97639
40506
96834
47137
1441
58016
1044
79387
68732
54913
62128
37411
38942
9062
42628
89086
65915
34755
93956
12865
59269
69834
61829
25783
4805
80975
25375
33615
79770
73363
49511
98632
63941
76997
4680
26879
56251
66084
58617
23040
50132
44658
9197
19433
64118
57188
83960
63589
98455
31319
75418
65404
61784
83040
48629
81316
31183
21686
25848
52924
4427
68191
28053
96216
32172
84603
98341
2110
81467
44270
60106
62418
25526
15893
57954
50569
36571
5663
89273
28075
13187
63314
13886
87290
70971
15328
17630
67728
81858
18829
86185
48925
91384
30930
84136
67810
44139
93303
88111
59873
59401
43631
15903
35434
56535
19018
49874
43708
46527
29981
46463
30186
60797
88395
21352
74284
75812
54897
92874
1606
25735
60945
82586
18304
37268
10880
8980
86573
10459
98786
56826
19941
2169
30447
94298
20364
11967
22012
66802
99342
10785
7418
2000
43653
49926
41446
35912
84511
97467
53504
55445
69167
66887
25617
72398
15011
27452
79884
13675
27089
10673
73782
9094
95992
69783
22391
99995
89210
67479
93517
66110
41785
85264
28890
16173
34400
96551
68894
33180
95063
25915
47724
13348
16869
75091
62760
26112
76040
31765
49171
26074
71478
63698
39535
30539
6720
71185
67965
44922
11809
17961
52526
13372
35058
77929
847
86501
51488
31779
10716
4999
437
64550
72138
97689
12356
52443
67265
36445
4358
17231
75913
77702
59200
97892
93741
13142
86828
5615
61387
27387
68990
94389
21630
36234
46690
92780
21635
75939
95720
35237
5065
42636
14793
85335
27369
98938
79563
91691
64204
66367
24640
16025
98315
62857
57800
91990
933
74094
97410
2459
16763
40730
16830
43119
49266
62285
75713
69863
62468
75880
10253
54706
33586
3966
71586
75972
76975
60997
45680
46815
3553
57223
37777
4655
45980
93675
57502
98093
42431
86769
20227
15112
38216
84265
38550
44163
13069
96968
33646
97256
9814
34119
78882
12340
27829
72692
93010
20347
57000
95395
62525
40347
43941
45690
74773
86983
12240
77633
2181
81943
75043
52611
37901
88234
29890
61636
42808
56303
46288
73558
21511
68009
69120
96873
871
5416
40381
62798
13190
32908
25707
5668
89348
2628
18891
29973
69220
29609
34069
6040
11672
75940
10831
94984
94702
59233
85439
45523
52959
67836
70475
62161
56266
641
11399
27899
59030
58817
62930
86176
52371
37785
24462
86666
57886
66335
63663
45461
69003
43407
79117
45051
38225
81783
53318
58487
39722
77553
10408
56371
25468
24261
96036
73
57078
85356
91748
80233
60817
29696
42001
71595
37833
70941
86138
49838
17967
30992
33257
49427
581
86307
5222
47807
1084
36989
82584
86824
44100
41045
8415
61162
90564
45949
36610
55380
25976
85074
72643
94937
71388
78489
88779
49723
25524
87966
59358
15357
73629
73046
10771
59823
12397
39583
26082
5748
94426
95961
9082
18028
33743
48556
59731
81932
12394
86747
54737
38772
50599
7636
68574
84005
87316
93788
19573
50091
97123
62242
27397
42923
91774
11681
89065
10864
75855
80376
56470
14818
57677
24661
38612
19968
59713
64443
18805
872
34399
44223
93088
39533
86438
94896
64818
85014
33109
61895
92086
40581
928
52427
10553
54086
72575
19692
50933
58043
78776
96390
90096
94253
11543
54259
73350
94258
18821
95161
24114
39521
40756
9751
83432
6707
46385
76600
91561
43588
52520
42178
90754
45649
60246
32037
43078
48773
56751
27926
42580
65390
70500
45881
10575
99640
76382
47952
91124
21669
90186
87663
6969
91911
93119
80438
81384
40227
82497
71373
92979
44424
57538
30983
26213
85470
6402
11233
56650
85472
859
26822
31956
4955
77406
80500
220
59579
88767
46668
22238
57479
28207
62666
35380
78069
65074
49472
15991
20416
5030
57151
83383
4677
28748
12779
4498
30699
39026
61130
76970
26622
65429
72129
77330
34792
62524
28179
79037
96582
55480
76860
83590
51099
31961
96587
64959
13478
50904
71723
13263
98403
48287
28707
90191
41764
857
64692
31216
32663
99870
32537
25847
9953
92309
49885
74370
32230
83174
14257
46988
3496
87834
34042
98287
14852
51794
90480
65158
96701
6449
15099
63212
79641
2803
55749
52825
5902
99275
30272
36423
26208
19333
6427
93030
85742
36557
52012
59259
55338
15505
2066
91202
30849
27854
49597
32569
44733
42299
1506
36344
19307
1475
90452
60274
16936
69524
70619
85390
59914
10332
58761
98616
57626
11266
78274
4945
50935
61719
70832
92844
80483
99823
25335
74553
51737
83022
65475
54289
76695
83805
68116
96380
24242
94541
90388
89621
63358
61744
58923
14970
43633
7191
78231
20575
98545
77710
64867
85268
30775
62028
38142
18801
30542
92508
49997
16741
12031
82259
45742
44276
51759
11744
18541
53336
66137
71113
23844
3846
28150
40998
37723
85043
43236
58284
98347
2039
28048
12927
42088
51357
33621
94139
91772
4245
5945
77605
94819
26602
47918
92533
99101
33699
80477
14889
95633
15678
80077
30841
6821
82007
2042
70511
16285
67656
1399
48841
63742
14116
39807
93941
31435
7355
85989
79800
17743
50850
83850
78992
53282
58319
14236
66119
83423
53245
23891
14606
39646
41145
36533
87825
56783
8517
4531
24659
44030
35752
60005
69296
44153
24988
95377
53428
64225
99334
49706
28141
42136
23141
17466
13663
16575
76595
48326
90591
85785
8291
57275
51583
52080
27456
91396
98069
13397
75020
55202
94868
80859
54684
40904
10510
53626
98319
77247
28812
66265
35707
3887
8697
25090
48998
9975
66952
59239
26985
54582
51269
19976
11165
65771
80811
86321
1091
17266
14914
83077
15031
44862
26204
92765
16018
5600
33554
38757
49879
10860
31338
32772
83375
5261
13102
91142
33711
73249
2147
47082
55502
53388
92737
2197
24843
45837
71556
88155
22354
33016
11735
70097
1650
25374
54972
20979
79113
67879
20010
66125
33730
3449
54016
8822
88382
86125
2778
85480
17551
47785
24537
47865
65597
8187
76007
74489
40689
38239
69002
6792
74646
23763
84589
14394
67946
1733
72801
27214
38446
44437
7783
90206
66266
63530
14478
66866
8378
79057
74042
48539
85073
9711
57413
37234
94627
63435
51873
44752
94986
91017
73814
5727
95762
59795
91457
22053
53199
98230
53218
39833
8652
95460
88840
91521
41850
12162
28504
23839
86659
51183
10156
47349
9652
85768
91972
81866
9289
69797
90828
41305
29621
26433
86736
33598
21990
87878
15151
89244
85332
71235
67002
60209
71201
69642
29104
49492
21689
37953
77745
79649
49207
28475
9853
30610
75858
19908
528
85927
34970
97363
8328
71933
34450
24099
7308
23151
2208
70976
81356
99586
78261
61262
7437
64145
73366
21122
63890
15581
59850
99399
46045
3760
15543
86832
39412
39753
80683
23653
33861
2514
91716
77254
84423
25675
68460
99759
53494
96792
95305
4703
99393
49256
7685
50422
20831
54209
26158
51311
23440
97392
66607
31441
31912
20421
19480
63550
45547
81318
22008
56691
61643
51608
80557
80887
43550
76833
22757
39973
55310
98083
32369
51009
74048
15819
92985
79395
37502
55284
44477
80490
17347
23051
72946
64931
76087
31430
35698
88930
5461
84594
7841
8992
51322
26040
76434
94889
44540
90105
75080
71707
15481
26119
67564
86762
35116
24920
99952
40981
41207
1005
95382
92648
37975
5304
37719
61197
82322
69508
50996
287
63207
43976
61189
33458
31683
17565
93304
17553
49585
61675
27806
34816
3874
57176
29439
51015
20868
96574
56116
16186
60859
39837
16559
79192
41614
2638
90578
10131
67253
15714
87559
23531
5535
52290
55662
5029
22871
1266
10827
42648
57236
5510
21836
31827
58811
41010
30136
31789
60104
61310
26802
51042
51501
5227
78026
71018
83517
3672
32867
69197
14785
24724
22400
91801
85820
14637
42195
84533
25822
27160
69828
78343
44783
85515
37424
19124
74191
68015
45260
17007
61803
7458
79678
90380
22651
9549
71566
62712
1639
18019
41904
40711
97632
43437
91720
61274
99251
12983
94039
96531
36024
39337
38541
31098
70263
83171
54475
56236
1387
16889
1308
17929
39321
80605
28744
99821
70211
40856
85011
11331
32747
69209
1352
82976
69908
62385
8868
37876
28929
1725
10142
73258
2607
45199
22785
8449
55676
40733
58044
98059
1675
49020
26129
1455
71621
27316
90269
39850
59040
86263
82239
39076
1766
35310
63844
34368
2639
14397
96192
79167
75185
58855
34805
75958
92335
99999
54309
28303
12886
48608
23377
53865
47468
96461
74509
73287
65435
1677
98767
61867
50857
28455
27423
73746
49565
66481
33630
87163
27485
83446
47494
72609
93406
39341
8746
71775
11832
17476
490
71970
66241
80245
51278
39407
33937
74712
21063
74103
37918
99489
74008
71416
50774
7078
45810
94940
85435
14643
9998
6568
33450
90168
21455
70527
1015
76634
80086
27679
68616
8813
69513
40185
37909
61573
78972
21874
99125
42831
81209
12507
50719
59368
4716
28604
77641
92380
97450
97373
85585
4106
52125
7790
75490
26656
38149
11501
91451
82373
11886
90852
17414
58581
45907
3125
10830
43428
48030
30262
13837
76054
20894
33643
12497
17484
43799
53161
47480
66493
57340
16882
70816
77750
70258
24450
69169
98258
30472
23893
67884
84493
71968
56099
34559
41427
86278
48004
97294
75774
9556
11124
53203
91795
90581
78060
93186
71363
39258
58100
62470
82637
98292
60532
24854
35396
56020
78696
97555
29056
72868
36569
25535
21794
32187
3027
97170
42291
10300
84747
12563
33647
27629
12894
77283
45240
46508
42714
33740
28067
21908
13423
94877
77382
4630
70242
34557
29390
18763
80015
23418
26954
29863
7938
12922
42257
45409
90607
43140
72911
16932
63462
90430
12069
90278
10807
57317
39294
20727
28060
10439
73445
32577
23109
40770
60211
21529
22921
1299
43189
12738
17380
12158
23242
61688
27161
36537
36236
52702
94703
13865
25674
59916
73932
35036
82885
30886
71945
83572
38120
86697
87385
40580
23483
28615
61576
91315
95042
74645
36743
4938
24657
75200
97165
21168
56337
83205
8805
44887
27181
78457
93503
35532
70873
40678
46601
47565
53456
8236
9862
97859
27957
37529
31823
95840
84892
58021
37270
50440
20417
31381
51652
13720
50410
99883
51889
43062
79544
79702
82033
53303
25585
60231
56468
70688
3923
44383
42112
26007
45648
26837
94587
91761
21583
87322
5444
36578
45460
72591
53467
84472
47859
4093
40862
98446
26873
57365
8331
26840
76876
70677
11510
48307
61900
71818
2525
78278
1195
45497
17652
4903
23351
75253
69821
88735
81166
33995
20300
32598
44108
27005
73220
9759
58979
21192
41748
44646
86658
42242
69902
43167
22881
30427
11903
38303
2950
11353
36283
29847
99756
23075
94626
8481
20292
78291
28540
97693
45942
72393
30398
2659
10778
68135
39936
8882
53344
49804
17536
91637
10852
94503
64686
46741
6654
20799
18381
95381
88183
13550
96032
86169
54283
33397
9443
87652
18070
99652
13309
97652
14567
88302
68339
40305
10594
9721
85498
10211
55879
12816
27536
29251
39367
82146
62044
39275
95949
57555
3773
40603
54678
56874
83058
8790
555
81686
59730
23748
48872
89111
40212
40844
16028
89359
76417
70840
43480
58219
59453
5442
84745
16982
61473
27908
97159
72673
31481
4107
43385
60954
8883
42961
15493
15708
53908
70824
92964
60888
26046
47150
65700
59906
12828
52451
57064
17776
82827
62372
57486
74777
68003
72239
15745
17470
88816
72731
49600
82301
61614
27234
60680
58895
1847
72796
65467
36474
71614
4523
151
31242
32594
66910
28205
15101
13084
79409
94458
4370
57047
32283
74548
71914
63571
5578
35219
98465
87599
15479
17515
49811
62450
67600
49543
59255
12334
70950
89460
42682
77991
1707
87095
71719
67941
29143
81303
63790
29823
88267
93507
10895
12357
38063
25756
16915
6177
5682
9025
88804
13172
92393
72172
89677
33352
8255
71865
46987
99187
41610
8781
62849
37296
39767
15371
85085
76830
16143
12462
58365
81033
6171
42572
14730
86870
77904
90787
10285
13222
94462
52580
64246
36285
20497
86598
30568
30591
81163
57589
54941
69371
26701
42749
70248
52042
8437
59447
84772
63390
15724
10086
81117
39785
17727
66800
74764
3757
73295
93001
15836
64047
9035
13731
51389
85322
94215
46076
91119
97856
4843
42507
19353
6826
26584
84241
24969
23664
29529
57335
97897
66079
51596
98634
26746
27524
66452
57933
19290
91429
89302
6671
26436
2690
28682
83770
69470
95227
16339
75447
53398
50008
31512
87804
38523
86554
64473
64266
60441
45391
30371
62111
69081
78633
67801
81864
32236
92570
52127
46658
55885
42618
79939
55614
57721
75522
27134
98076
42401
36280
87332
96286
59108
40709
67136
69329
60228
399
18080
76164
31461
83733
23858
25089
97997
69937
99552
79452
59522
99146
35484
53554
13439
58716
18430
80195
52603
29828
18471
83232
44738
38371
70132
79580
80972
6681
27839
14428
54049
65942
12636
39352
74964
40049
62719
22729
21018
2880
27288
40457
10021
54869
76252
73892
59374
2794
77793
22472
60979
72475
48384
39008
845
24423
17145
36973
48889
65843
39146
24523
55541
67679
56436
70868
83148
23029
14829
3522
15067
76457
90977
20995
52093
70488
26064
44925
38542
38758
46439
87981
48562
82106
6248
83447
78458
48127
91498
76520
92356
54374
18871
52845
73933
80665
67702
98739
79902
64267
61008
48340
53270
68912
65143
29221
13473
92018
88584
59883
73633
45757
18404
65152
87600
92222
4211
20813
93280
8131
28370
79294
74966
28367
27873
85222
16442
90704
59515
81174
19240
67449
22835
2212
54485
44810
62361
96312
14492
94663
28514
58486
98102
83695
49175
8745
4921
38113
17685
8082
28003
12306
27430
94726
44060
61083
46975
43394
10791
11394
81621
74583
57878
40748
222
20886
82693
48391
44124
73049
91488
12400
63080
81647
30145
14851
7638
24763
29845
93900
20047
56524
53637
8060
16724
86209
49482
51364
50357
97150
70666
46842
27819
78345
51163
33014
18111
22357
30973
4179
26409
96444
33324
45788
83941
99259
81434
36679
48190
47274
61114
58831
60801
19957
90653
17957
7853
10971
86532
96092
98949
45340
12625
62482
60321
24444
81126
94082
24054
42984
16660
91673
17469
53188
47978
1751
61653
47386
40608
99627
34888
63148
74995
21278
24847
61326
68581
85517
11594
125
32094
79942
83845
62162
87506
91995
33043
69129
48720
80121
30130
41548
4288
41163
27625
76528
37370
80952
52186
61486
1215
21120
90499
80423
42008
24376
74868
39684
35673
63567
21099
98229
95140
84246
52541
21110
70131
77525
95969
23355
24137
45290
21439
46097
20622
18999
66541
68242
41333
452
39773
86583
77462
44576
55418
40707
44599
69427
77413
38253
61345
94894
70400
71757
52773
59122
40569
37087
79458
43012
66777
34303
21825
47469
68400
97061
23964
59821
30051
9363
69349
16184
50032
91379
15394
30512
53488
54948
8359
59332
37153
14262
78403
18067
54026
83722
35779
92602
37847
67366
6395
13214
68341
83593
5820
14390
13005
74461
25736
22167
14576
90079
8343
95345
53758
24002
64232
55883
42634
91304
67913
35534
11116
55150
86105
77705
85644
81400
95043
78683
7762
49032
67581
5913
98376
83286
76427
71786
96358
67108
43619
30216
31466
26725
164
99462
30068
50325
22917
44479
76303
46623
825
98760
10821
59385
49900
84144
5840
55177
98278
67008
40861
2428
91435
63439
41898
58406
61393
18835
69217
10853
88661
93866
55675
15168
2756
56407
15856
92640
8723
73151
41738
84431
37809
93567
73542
42692
67242
29066
43184
29064
7838
4022
23992
98320
91724
30937
43594
69701
9720
31302
29299
24918
28086
27152
26805
90743
79219
76850
40202
77559
64105
4602
25859
5252
84648
6814
57127
53811
51079
67749
90825
64143
94075
17290
54715
84989
43931
90921
81306
99963
80903
10671
63311
61967
44998
53325
47965
85566
99380
57448
45118
23823
63626
82924
53799
51685
4994
34389
45551
48356
46454
21762
12352
78118
53499
89122
55113
47977
9050
80310
67120
71626
81034
64482
93345
60809
2350
59671
61445
30311
96557
8632
10472
85397
11553
43640
45768
31473
86130
57576
58990
58866
47519
73712
60838
33240
29873
46873
63335
30842
55367
78146
46504
620
92546
68245
34196
11652
65047
18583
92258
45387
3629
94684
65364
7055
89825
53514
19229
68267
29109
35833
37067
50355
50458
60267
62687
14361
17265
33889
13503
32286
57552
77271
90348
44873
1961
76806
10374
32074
65219
42643
68926
37441
81474
9741
49012
82142
53998
70499
51625
79005
54894
32143
61668
85206
56948
39262
73646
8619
73714
85269
32126
49348
19555
85971
6991
57289
70231
1478
41375
10967
33903
91489
70063
7511
7335
79466
42753
70577
95526
25985
15362
70198
20197
62559
93000
31660
56938
36347
60685
23074
25795
7529
63429
88635
50000
71105
88021
25837
13341
10277
84856
88534
39564
7121
96843
58823
78797
60960
89871
95379
60036
19195
7667
52370
93378
63503
58956
86546
10788
12478
6187
1772
2354
9773
93864
93827
28511
38208
12903
70020
8529
82573
38545
76930
73235
35394
46262
13772
75137
51031
67439
10761
43517
24780
25690
95790
64258
47133
6524
20153
7115
67063
93431
42750
22279
69913
91593
11547
9647
99139
49685
52169
29671
95714
59346
32601
76505
11938
72710
74536
18344
53396
23079
81331
78134
18672
73880
77141
46027
81216
91649
92411
95789
98205
16770
10615
16699
44656
27891
87607
92997
96132
18482
3011
39775
55074
17054
69798
28668
68186
36889
84573
31755
92859
98718
40982
66518
60898
24107
585
5984
9488
19987
38484
19120
78711
37239
1038
61533
69210
48420
53299
80510
76032
79432
93680
46017
83154
22161
22135
1111
60135
72874
67105
60625
89514
49651
93813
82926
46224
44449
86250
26275
78338
16477
4589
2872
99291
78389
28304
67274
39657
46276
66173
59622
38900
79779
75342
98476
11340
62581
44020
96152
7693
98598
20237
25960
90492
58805
81471
95798
37108
76418
41345
74514
16876
80089
81225
95065
91849
5501
78277
36704
4539
33486
47281
87468
10256
29826
48883
35750
73750
81392
15818
66794
28169
27994
93391
89032
78074
58373
89025
83159
16904
53757
58526
45286
3494
11088
38649
21186
14789
16873
68986
64151
9120
99423
9419
16728
66955
71115
7869
57871
42650
11596
4326
83490
93744
41587
69731
31526
20122
35575
78479
50202
74820
53055
60270
78251
31738
84567
83472
53719
70254
48188
65524
77302
64674
53385
52973
82348
47271
44657
28236
77429
12535
35031
56415
71517
39278
86895
68546
34789
84780
13396
31416
2288
15051
6979
87924
28560
60894
2439
51645
96671
35045
59506
22538
55899
8151
82481
8918
82425
78858
33517
21112
72364
54887
61589
98384
64590
15163
87553
35775
63159
1495
83624
52880
22198
45659
25834
93933
31285
83906
59783
8556
54974
40239
93243
53733
48400
83656
64936
32748
80648
95358
47606
9432
12551
71558
5491
25241
49705
17648
54152
61924
47914
42661
85445
48240
22996
44010
26984
30818
25194
24513
36527
14927
10902
45092
58143
32287
10808
35238
51325
80788
18351
14020
1960
43370
67306
12138
83060
83139
21803
96821
97327
15645
86162
76698
81420
19865
60465
57766
4416
98513
8797
88425
48986
31055
76268
8066
50436
26856
10598
60272
14888
94310
89779
15317
64064
16901
52777
86289
26690
26444
1349
58745
11413
32416
58936
67208
76259
38178
56421
77976
33364
7484
53997
65749
19605
35651
23278
60254
13913
92144
70279
44891
68594
19820
28384
16325
28056
86713
9244
91249
50578
20140
26843
7488
90900
9453
25215
90742
82592
34176
26416
88401
57804
5538
34876
46743
87042
28791
67596
18075
52359
82634
75603
33059
5831
97900
1345
3667
28758
78279
95957
39846
14080
32629
87776
73704
69598
1290
84160
94761
48088
54137
64021
68394
84071
52423
15806
62702
46056
49445
16628
9884
73729
86373
61010
1802
60361
97913
64050
22324
57955
70841
7062
47131
31799
20551
66377
23570
57524
9716
92652
57571
94935
44791
15186
39617
32788
943
26514
29421
70298
13082
95076
76640
39745
62943
92590
91646
2122
96584
54548
56700
18679
91949
20957
86179
40115
41042
69078
69485
66709
33295
12375
47293
59576
34981
43328
44986
24048
91463
95744
84672
45236
52229
5472
58649
32266
78906
86903
31577
29488
65956
56840
25563
38040
97818
76717
2370
88642
12880
27871
67657
91822
17859
84485
98761
13054
85086
832
1521
175
19036
96220
94860
91733
47726
17320
6093
26375
68181
83757
45606
55772
94035
79980
15217
41909
99811
26458
31896
77844
58097
21460
32746
73527
20961
50596
51220
52727
82950
2669
75660
44524
43389
12605
28407
29102
72402
66107
15960
79569
62579
19628
77801
41905
51833
50778
75514
87057
77579
69630
17041
43510
31178
75916
71615
26885
79443
95645
48956
64695
77181
9909
35548
33766
53111
14613
95262
95785
95830
97428
25992
8325
85402
57237
62314
59656
54197
64385
41536
70921
15349
21813
89652
66315
43356
96649
66115
39074
4558
84400
51751
9390
45062
65067
38710
6931
