9998
9988
9982
9966
9959
9955
9954
9944
9942
9930
9925
9924
9921
9919
9903
9893
9886
9874
9871
9866
9864
9854
9843
9829
9809
9794
9789
9784
9780
9745
9742
9732
9710
9700
9698
9689
9679
9677
9668
9666
9665
9637
9635
9621
9616
9613
9584
9579
9578
9565
9554
9550
9549
9544
9529
9525
9514
9513
9507
9469
9454
9453
9434
9432
9405
9402
9397
9392
9375
9373
9369
9368
9327
9314
9292
9285
9281
9270
9269
9263
9213
9208
9202
9199
9188
9178
9176
9168
9148
9140
9139
9111
9110
9106
9080
9073
9058
9035
9020
9019
9009
8994
8968
8965
8960
8943
8938
8925
8920
8908
8894
8893
8874
8867
8860
8846
8842
8830
8828
8793
8771
8766
8749
8738
8724
8706
8700
8681
8679
8668
8646
8625
8621
8587
8567
8564
8560
8547
8546
8534
8533
8516
8507
8503
8487
8483
8480
8466
8460
8451
8445
8443
8437
8432
8422
8420
8418
8378
8364
8326
8317
8304
8276
8274
8268
8266
8261
8260
8258
8244
8231
8215
8207
8202
8197
8193
8189
8174
8167
8161
8148
8146
8144
8141
8139
8127
8126
8116
8104
8103
8090
8086
8084
8079
8075
8073
8063
8056
8055
8050
8039
8036
8030
8012
8010
8003
7986
7980
7977
7971
7966
7961
7953
7945
7942
7937
7934
7902
7896
7889
7871
7852
7849
7848
7846
7837
7831
7822
7815
7803
7785
7769
7733
7729
7720
7694
7693
7686
7681
7673
7672
7669
7667
7658
7632
7631
7614
7606
7605
7602
7599
7587
7565
7558
7543
7535
7523
7505
7498
7487
7484
7475
7433
7423
7420
7390
7382
7350
7339
7333
7327
7290
7288
7281
7275
7271
7270
7259
7257
7252
7231
7227
7213
7208
7205
7199
7173
7172
7168
7149
7145
7143
7126
7124
7118
7117
7089
7083
7078
7060
7058
7030
7022
7005
7004
6999
6971
6942
6931
6927
6902
6897
6876
6846
6833
6832
6831
6813
6799
6778
6774
6765
6754
6749
6747
6739
6729
6701
6695
6685
6673
6662
6657
6653
6650
6647
6642
6641
6617
6615
6610
6602
6587
6581
6579
6571
6558
6554
6542
6520
6517
6512
6505
6492
6482
6468
6462
6455
6453
6443
6439
6432
6410
6405
6364
6357
6347
6346
6343
6341
6315
6313
6287
6285
6281
6263
6260
6256
6254
6226
6220
6217
6204
6203
6198
6165
6150
6133
6131
6110
6106
6088
6087
6072
6054
6052
6031
6020
6016
6009
6001
5999
5993
5975
5974
5968
5951
5942
5923
5922
5913
5909
5889
5885
5881
5879
5874
5871
5852
5841
5836
5831
5823
5810
5798
5793
5787
5785
5769
5742
5737
5716
5709
5689
5677
5666
5628
5625
5599
5591
5590
5572
5560
5557
5556
5552
5548
5538
5528
5527
5526
5516
5510
5509
5500
5493
5485
5459
5420
5409
5394
5392
5391
5339
5328
5317
5305
5303
5291
5275
5252
5239
5231
5215
5203
5201
5193
5166
5151
5149
5139
5117
5108
5086
5085
5078
5073
5059
5035
5031
5009
4991
4983
4980
4977
4966
4964
4945
4938
4933
4928
4926
4924
4917
4911
4903
4896
4889
4884
4881
4875
4870
4863
4835
4817
4808
4807
4782
4769
4758
4755
4736
4727
4718
4716
4715
4712
4701
4692
4676
4674
4673
4668
4666
4664
4657
4647
4643
4640
4638
4628
4619
4605
4593
4584
4583
4573
4568
4560
4538
4534
4532
4528
4520
4504
4499
4495
4476
4462
4450
4449
4445
4437
4420
4410
4374
4366
4357
4351
4342
4311
4307
4289
4279
4278
4277
4254
4249
4221
4216
4213
4203
4198
4196
4185
4178
4170
4156
4152
4150
4119
4114
4107
4105
4096
4095
4089
4084
4065
4061
4054
4053
4042
4031
4015
4014
4008
4004
3994
3993
3967
3962
3949
3948
3936
3931
3909
3907
3897
3888
3868
3860
3853
3850
3841
3818
3816
3800
3789
3786
3754
3751
3750
3746
3740
3732
3697
3690
3683
3676
3668
3645
3642
3626
3624
3621
3608
3597
3591
3568
3567
3532
3523
3515
3505
3490
3478
3473
3466
3464
3414
3413
3405
3394
3388
3379
3361
3359
3352
3351
3327
3324
3321
3301
3293
3290
3283
3281
3258
3253
3238
3210
3197
3184
3163
3157
3143
3128
3122
3118
3114
3105
3104
3100
3092
3090
3086
3072
3053
3041
3039
3033
3027
3026
3019
3017
2995
2992
2981
2977
2970
2968
2955
2948
2904
2903
2892
2890
2887
2884
2878
2865
2861
2857
2851
2837
2831
2829
2828
2817
2816
2814
2773
2763
2758
2740
2734
2726
2718
2712
2689
2686
2656
2653
2641
2637
2632
2628
2601
2590
2584
2568
2557
2548
2547
2544
2533
2531
2516
2499
2494
2461
2458
2457
2456
2443
2440
2432
2406
2375
2367
2362
2357
2354
2352
2349
2334
2311
2307
2299
2296
2292
2290
2283
2276
2264
2259
2225
2218
2206
2200
2194
2148
2127
2125
2088
2077
2070
2069
2063
2061
2038
2022
2011
1989
1988
1956
1953
1951
1944
1922
1920
1918
1917
1903
1892
1880
1870
1866
1846
1843
1840
1838
1832
1828
1827
1825
1792
1787
1783
1773
1762
1758
1754
1749
1721
1712
1703
1667
1651
1647
1640
1639
1635
1623
1622
1610
1600
1570
1554
1553
1547
1546
1543
1537
1532
1520
1518
1505
1503
1501
1475
1474
1465
1461
1452
1447
1436
1433
1412
1407
1396
1393
1389
1355
1352
1349
1340
1332
1331
1323
1318
1316
1277
1271
1261
1258
1257
1255
1243
1220
1217
1203
1202
1190
1177
1137
1119
1116
1098
1091
1082
1073
1050
1048
1046
1043
1030
1014
1010
1002
990
975
967
964
958
946
945
915
844
843
835
814
800
779
776
774
751
745
741
736
727
721
701
690
685
675
661
650
639
635
617
609
593
592
572
564
559
553
550
543
530
526
524
506
502
501
468
465
454
412
399
397
389
376
359
343
320
319
310
303
300
290
280
267
251
248
246
231
204
176
164
132
129
126
124
117
113
111
110
90
80
73
53
52
49
41
36
34
2
